  24.469  -12.896  -11.429
   8.897   23.058  -11.939
 -18.249    6.981    5.698
 -14.384   19.337  -34.425
   2.858  -17.847   -0.153
  23.582    2.960   22.753
  -1.072   21.976  -33.990
  24.415  -24.352  -15.384
  11.307    5.382   -2.528
   9.390   11.200    2.204
 -18.977    0.083  -21.564
  -6.481   11.541   42.021
 -15.772   18.170  -37.476
 -17.378   -5.273   -8.369
 -12.715   -1.943  -39.131
  -1.584   22.545    8.646
   5.640   -6.831   28.862
 -11.835  -17.400  -25.852
  22.184   24.920   26.342
   5.552  -21.689    1.357
   0.805  -16.763  -40.269
  24.471  -24.420   -0.497
  -8.427   24.786    9.242
  -0.798  -20.460   18.935
 -19.064   19.419  -37.829
  16.947   -2.262   -6.440
 -15.284   13.967  -24.313
  22.926    3.976   26.303
   9.993  -23.192  -33.987
  10.640   -0.556   -1.822
  19.563   14.474  -27.758
 -20.194  -19.573   12.057
   2.316   19.468   42.373
 -15.090   10.356    0.026
  -3.902    1.420    8.297
   1.760   12.926   -0.890
 -15.434   23.080  -29.096
  -8.575   22.106   36.383
 -22.007   19.513  -28.335
   1.406   21.387   32.768
  -6.001    1.153  -24.439
  -5.858   -9.693   20.064
   6.349  -16.910  -27.113
  22.486    3.979   18.795
  24.558   -2.485   -0.931
  22.744  -11.855  -34.759
  -5.407    5.818   28.568
  18.523    7.923   27.998
  16.806  -17.018   18.842
  -7.667  -22.565   38.412
  22.800   12.259  -24.734
   9.624   15.296  -34.149
   1.506   -5.345   21.248
  10.311   -1.940  -21.856
  -3.869  -21.769   -7.246
  10.805   24.748  -17.096
   8.062   -7.981  -27.639
   0.191   -1.744  -38.106
  -2.253   -8.640   22.278
  -3.279    8.003   27.000
 -24.623    6.583   -3.707
  -0.017   -9.482   -2.289
  -2.205  -14.251   36.060
  10.001  -10.010   17.631
 -14.864   -5.892    7.239
 -11.244   17.688   42.351
  17.476  -22.045   32.414
 -20.222  -23.713   20.587
 -22.067    4.880   37.851
 -19.701   22.204  -19.553
  -9.733   -8.960   18.096
  13.633   -9.216  -18.178
  12.761   14.900  -24.489
 -17.923   13.732  -28.618
  18.150    5.937  -35.176
  15.144   19.776  -14.811
  -6.446   -1.875   11.522
 -17.006   -0.904  -42.201
  13.773   -2.928  -12.909
  20.855   -4.290   33.421
  -9.667  -17.654  -21.982
  11.249  -12.452   -9.308
  -4.076   10.194  -22.626
   8.970   17.837  -20.458
  19.640    7.702  -12.978
  13.602   -3.852    0.769
   3.670  -17.726   -6.685
 -20.366   14.321   23.679
 -22.701    0.443   19.911
   6.246  -24.673    9.511
  20.037   16.819   18.959
  19.419  -17.655    3.177
  20.139    7.726  -22.712
 -18.948  -13.972  -22.876
  12.068  -22.481   35.474
 -19.166   12.244   -3.089
  19.111  -11.422   15.925
  18.093   -8.568   19.288
 -13.783  -22.851   -3.991
  -2.316  -18.713   35.286
 -13.031    2.706  -33.339
   3.451    0.523  -31.058
  -2.459   23.934  -20.297
  24.553  -19.822  -38.993
   7.570   -2.876  -39.623
  22.745  -21.198    3.297
  17.082  -16.810    6.170
  16.599  -23.473  -21.684
   6.959  -11.538   22.333
  22.899  -21.425   -4.282
  21.100  -21.114  -29.337
   1.781    3.364  -40.244
   7.114    0.569   15.636
   7.489   12.769    8.447
  -5.991   -7.082   31.743
   7.188  -20.386   30.114
   9.191  -11.225  -41.504
  16.430   -2.523  -25.050
   0.681   -2.618   -0.296
 -10.164   16.193   19.451
   4.388  -22.422  -37.285
   0.483   20.787   -5.513
 -13.175  -23.789   33.416
   3.994   16.670   17.328
 -16.831  -18.599   33.039
  21.144   -3.872   19.826
 -22.832   -0.354   13.732
   8.505  -11.427   27.937
  -0.795    0.035  -12.795
 -16.672   23.611  -20.985
   2.884   -6.910  -12.299
 -14.638  -18.881  -21.568
  22.855    4.368   -1.363
  12.063  -21.141  -30.998
  15.096    3.380   31.193
   2.408    9.141   -0.641
  -9.318  -22.231   33.549
  -0.347    1.090   27.881
  21.688  -18.373    6.018
 -22.630   24.663  -12.730
  -4.035    9.466    8.387
  17.410  -13.868    0.309
  11.250   17.722  -16.744
   2.414  -22.531  -11.679
 -10.576   24.572  -12.219
  14.064  -17.729   30.167
   4.982   22.989   -6.566
   7.193  -15.139   19.420
  -1.645   11.747   16.460
 -11.168   15.421  -23.589
  -2.662  -18.826  -24.517
  16.595  -10.325   -3.879
  14.148    6.406    4.624
 -24.805  -21.402  -26.582
  -9.941  -22.423   20.421
 -19.278   15.403  -10.362
   5.517  -23.518    4.898
  17.168   14.769    0.437
  -1.670  -11.439   30.239
 -24.837  -11.450  -16.977
  -5.727   24.255  -13.590
  18.802  -10.117   25.376
  -0.977   10.018  -19.624
 -15.883    6.720   36.633
 -18.721   -5.818  -29.952
  -1.849  -13.993  -21.556
   6.093  -24.843   32.031
  18.947   18.916    1.372
  -9.441  -21.628   14.948
  -4.773   13.641  -33.527
 -12.164   -5.880   32.973
  -9.661   20.675   -9.256
  -1.732   10.002    0.242
 -11.254  -21.000   40.790
  -1.069    3.763  -10.547
  13.595   22.691    0.190
  18.312    5.467  -27.749
 -23.830  -14.517  -18.213
   5.745   16.148   20.331
 -18.912   16.043    3.793
  -6.757  -12.380  -15.961
  12.765   17.728  -32.717
 -12.763   19.581   -8.176
 -17.592    4.638  -17.862
   6.427   17.829    1.351
 -24.964  -12.132   24.413
   1.351  -19.645   15.192
 -13.524   14.674   22.603
  -4.122   -3.246  -41.282
  12.079   11.648   24.821
  -4.738  -10.542  -34.199
  14.414  -19.213  -19.170
  -1.646  -18.536   -6.440
  -5.820   14.957   21.001
  10.733    6.154  -31.413
  20.403  -12.540  -15.831
  16.072  -22.644  -17.234
 -14.025   -1.047  -15.749
 -18.190   10.622   26.175
  15.687   17.911    4.844
   3.475   20.495   24.420
   9.303  -15.952  -15.006
 -20.687  -10.448  -40.037
   5.124   10.959    4.983
  11.835    8.150   29.825
  10.137  -19.271   10.826
  -2.541   12.932   12.447
  17.947  -23.238  -36.899
  20.746   -7.214   35.844
  14.277  -20.350   -0.543
  -7.502  -22.517  -38.722
 -10.610    7.062   19.267
  20.282  -20.241  -18.604
  21.727    1.579   13.821
  -0.562   20.121   21.872
   3.367   -8.594    8.876
  -4.395  -13.476   39.074
  -0.458   22.905  -42.442
  11.103   -3.813   -9.187
  21.667    4.520   11.991
  -4.798   18.230  -23.348
   1.740   10.549   13.127
   7.384    7.152   22.551
  -7.295    8.320    0.032
 -23.384    8.144  -15.435
 -14.392   16.837   25.785
  -9.419   -0.363    3.380
 -18.185   18.480   13.842
 -16.512  -12.205   11.299
 -23.593  -11.849    0.465
  11.901  -19.514   28.062
   8.672   -7.115   16.781
  -4.058  -24.188  -38.569
  12.983   14.894  -35.544
  11.913   -2.569  -18.105
 -15.776  -24.553   11.884
  19.898   12.740   16.899
  18.703   20.189  -41.752
  -2.064  -19.412  -14.339
   4.061  -14.711   29.705
  19.848  -16.641   16.282
 -22.687  -21.469  -13.006
   2.243  -17.804  -24.993
 -15.767  -15.352   34.803
  10.410   10.443   17.596
  22.342   15.991  -28.261
 -10.616    0.057  -13.644
 -17.401   20.128  -22.533
  11.441  -22.405  -40.886
  23.127   22.479   -1.346
  17.544   -5.826    0.220
 -20.548   18.575   -5.503
   1.720    9.931   33.710
 -14.493   18.067   30.521
 -14.195   -5.266   29.006
 -16.946    7.804   20.717
 -15.539    2.254   -8.650
  19.491   -7.678   11.715
  19.628  -16.872   40.741
   5.335   -2.171   13.443
   7.555   -9.398   -2.773
 -18.389  -24.845   36.977
   9.202   15.803   16.163
  -0.648    4.301   17.087
   5.274   -6.182   11.508
   8.543   -3.115   -3.178
   6.487  -16.060  -11.051
   2.847   -1.897   -8.032
  16.819   23.040   41.788
 -19.326  -16.631  -26.697
  19.205  -21.192  -11.098
  -6.549   19.322   -9.709
  23.407   -9.146    2.331
   4.580  -17.050    3.632
 -17.930   24.765  -27.716
  20.284   -8.015   28.486
   8.050    4.404   -2.659
  -5.113  -21.001   35.128
 -13.550   15.730   -1.277
  15.483    6.647  -42.403
  -8.439    9.223   -9.579
   7.678    9.584   34.618
  -0.067  -21.189  -37.516
   3.492  -15.931  -31.560
  22.013    6.821   23.720
  22.209    0.915  -21.525
 -22.773   24.563    4.864
  -2.211  -19.844   15.781
 -19.874   13.464   40.700
  16.730  -23.153   41.223
  -2.530  -24.946   12.359
 -13.347   -6.866  -40.198
  16.933  -12.699   35.289
 -22.049    8.781  -26.619
   0.091   -3.450   -3.350
 -11.330  -12.594   24.520
  -5.746   15.749   39.143
   1.272    2.089   35.874
 -11.463   18.905  -19.306
 -19.932    5.231    2.145
   7.691   -0.527   19.942
  18.332   16.336  -20.363
  12.134   12.224   -7.926
 -22.933   24.492   39.514
  17.641   23.196  -37.912
 -18.958    8.426  -18.322
 -21.903   -9.092   22.968
  -5.284   -3.866  -23.999
 -15.850   -3.154  -19.204
 -11.500    7.505  -26.531
   2.501   22.813   38.807
   0.625  -17.275   39.641
  -0.713  -14.619   30.431
  -8.310  -22.871  -28.305
   0.401  -11.869    1.500
  11.870  -19.176    2.436
  -0.820  -21.300  -29.810
  15.257    8.990   27.594
 -23.066  -11.895  -13.782
   8.572  -19.062  -17.236
  14.762   20.820  -25.185
  -4.736   19.497    1.249
  -8.980   21.946  -20.051
  12.539  -12.736   28.644
   4.249  -11.075   30.126
   8.092  -19.677   26.651
  17.699   20.564  -29.221
   8.409   18.527    4.569
  12.315   -0.295    2.363
  -8.414   17.495  -25.968
  -0.084   22.698  -23.295
  19.391   14.577  -17.301
  -9.943   -4.748    3.373
   6.857   -1.758  -22.751
   5.116    7.444   15.464
   4.922   -7.076   24.085
  10.061    1.613   17.415
 -16.556    0.375  -31.758
   2.447  -18.609  -17.267
  -6.989   -3.049  -17.793
  18.346    6.231   -9.206
   6.921   -8.229  -13.171
   9.639  -14.519  -27.748
 -22.823    9.007    9.569
  21.830    1.321  -15.356
 -18.345   16.088   -6.571
 -13.767   22.500  -22.452
  11.630    7.469  -22.556
  11.106   -0.135  -36.050
  -3.483  -20.800  -21.674
 -20.836   -5.125  -26.916
 -24.397   17.031   31.670
  -5.151   -2.178   16.690
 -11.841    4.497   23.718
  -4.388    0.953   40.122
   2.081   17.357  -16.710
  -8.753  -15.459   23.844
  22.183  -14.827    5.906
   8.605   -2.680  -11.356
  16.203    6.070  -30.747
 -24.036  -13.768   35.806
  -2.189   12.948   31.632
  -4.657   -2.890   36.960
 -23.625   13.494   32.624
  -0.055   18.427   32.144
  -3.016   13.051   22.701
  -9.495   23.945  -41.097
  15.452  -19.655   26.853
   5.436  -15.486    0.436
  21.284  -23.313   30.145
 -20.687  -14.162    9.695
 -15.480   -8.411   29.558
  -2.799    3.559  -39.442
   1.368   23.989    3.661
  13.041    2.321  -23.339
  -3.037   -2.281   -0.439
  -3.374   -0.679  -15.332
   6.763   -5.574   -9.989
  15.372   -3.649  -17.837
 -12.923  -19.927   -2.510
  20.761   21.042    3.567
  -5.638  -16.852   40.663
   4.039  -13.004   26.307
 -11.831  -11.048   29.423
 -23.844   -7.233    7.505
  16.646   -0.061    5.704
  15.025    4.529  -20.133
  18.301   -4.446  -22.458
  22.178   -1.712  -38.760
   3.567  -21.069  -24.486
  10.345  -14.775  -39.698
  23.858  -17.683   38.009
   9.920   -6.912   38.687
 -18.085  -10.482   -3.749
  -0.519    0.245   -4.220
   9.393   -4.501  -29.119
 -12.686    5.187  -40.947
 -22.894   23.758   -9.427
 -23.237   -8.580  -27.625
  -6.843  -17.347  -31.143
  -9.759   -6.197  -34.083
  20.458    8.840   -8.882
  11.272  -24.327   10.007
 -18.965   -6.511  -40.022
   9.628  -24.047  -21.434
 -21.990    6.215   27.645
   6.817    9.283  -24.025
  12.477  -20.002   21.524
  10.190  -14.991  -20.891
   1.077    1.604   18.917
  17.722  -22.314   -0.910
 -23.411    6.765   12.686
 -13.844    4.825  -11.743
 -18.579  -18.881   -0.281
 -16.110  -18.397  -35.223
   3.802    0.696   23.164
   1.523    2.857  -34.023
 -16.979   16.219  -14.507
   9.417    4.805  -10.026
   9.642   20.474   -2.754
   2.424    7.776   40.656
  24.282   11.348  -31.534
   9.739  -19.177  -26.756
 -24.397  -24.165   13.985
   4.864    0.891   12.531
  21.411    5.981  -19.763
  11.337  -14.735  -12.086
  -7.745    0.688  -16.163
  18.644  -11.348    9.498
  -5.604   22.266    4.130
 -12.932    6.772   -4.524
  23.279   24.691   39.607
  16.020  -15.455   32.773
  -5.958  -21.613   27.880
 -13.325  -16.336  -31.795
   0.032    0.713  -16.291
  -4.259  -15.764    6.333
  12.437   15.582    5.260
 -12.503   20.961   19.371
 -24.877    5.444  -41.488
  -5.966    7.902  -11.642
 -12.631    3.282   36.500
  -9.962   16.055   11.433
 -13.835   -1.026    6.654
  -0.808   -2.847   22.483
  -8.964    1.012  -39.425
  -3.087  -11.180   42.369
  16.910   -1.439  -39.015
 -10.222  -13.888   18.879
 -24.772  -15.820   28.577
   7.092   24.074  -21.547
 -17.625  -12.837   35.878
   8.326    6.331  -20.792
  21.079   19.432  -16.216
   5.239  -22.433   -6.160
   6.978   17.882  -39.068
  11.643   -7.905  -16.072
   3.860   24.683  -39.575
 -18.810   14.659   32.981
 -23.239  -22.021   -2.880
  -9.936   10.776   19.697
  13.481  -24.237   -5.321
 -10.814    2.992   39.790
  -9.731   15.624  -18.141
  14.480   13.329   13.809
  22.303  -13.085   -0.863
  12.672    0.038  -39.546
   7.825   -2.861    0.656
   8.581  -11.064   34.211
   1.179  -18.344  -12.983
 -24.311    0.394  -21.052
  14.479   16.199   41.860
  21.243   -4.056   -1.742
 -21.738   10.057   14.660
  18.838   12.664    6.279
  -7.841    2.028   38.818
  -6.447   -9.461  -17.915
  12.585    7.303  -19.324
 -24.356  -19.615   42.225
 -16.054   14.752  -33.551
  -4.029   -2.213  -28.469
  -2.690   24.219  -11.923
 -23.549   -3.198   15.990
 -14.725   -2.691   25.439
  18.246   13.659  -23.720
  -6.242   -1.279    1.551
 -21.453  -16.857  -18.905
  12.763   17.952  -20.569
  13.070    1.884  -19.585
 -12.065   -1.447   20.924
  13.401   13.868    0.520
  16.059  -24.966  -25.165
   9.374   18.941   27.921
  -8.377    7.373   22.323
 -11.082    8.694    0.169
  -3.282  -23.392  -42.336
   8.986  -16.821  -31.139
  -2.097    6.876  -10.902
  21.176   17.927  -30.614
  12.497    8.627  -34.154
 -12.538  -14.241   12.130
  -6.515  -24.896  -35.926
 -17.541   -9.307  -18.537
  14.964   -5.886  -29.104
   4.026  -23.697   38.864
  16.165  -14.191   -3.443
 -11.784  -14.372   28.362
 -19.152    4.990  -28.724
  18.097    4.347   27.868
   2.390   17.484  -27.297
  -5.247    3.252   -9.359
   9.963  -13.473  -32.234
  17.599   -9.427  -16.235
 -19.474    7.113  -22.837
  14.679   20.544   14.874
  12.737   21.134   19.349
  -6.681    8.744   -6.665
  16.735   19.682   -5.332
  -3.188   -5.654  -26.757
   0.647    8.811   30.542
  -5.834    8.337   40.911
 -20.288   -2.339    8.251
  -8.258   12.415   14.818
  15.446   -6.919   13.168
   2.654  -18.042   29.621
   7.381   16.450    7.140
  20.475   16.019   -0.828
 -14.400   18.555   -3.844
  18.624   20.701  -23.332
 -16.346    9.699   30.236
  12.761   -9.337   39.973
 -20.320    1.445   36.308
  -0.086  -17.399   10.098
 -15.404   -9.347   -2.159
  17.583   14.939  -41.942
 -10.903  -22.197  -33.586
   5.351  -19.249  -19.329
   7.353  -21.498   39.991
 -11.541    0.904  -25.632
 -21.861  -11.795   38.771
 -15.332  -24.592  -17.936
  -3.511   18.691   -6.244
  -8.646   -1.761  -22.468
  -7.027   11.146    3.196
  12.975  -15.762  -18.216
   7.713  -24.982   40.252
   9.649  -21.165   -2.491
   5.007  -16.225   22.024
  -6.234    2.279   35.793
  21.234   -8.392   17.074
 -15.991   15.280  -10.402
  24.349   12.159   30.164
  12.891  -24.070    1.687
  11.818    7.738    1.999
   4.148    7.525   21.911
   2.859   18.824  -34.372
  -7.193   14.891  -13.383
  17.041  -22.888    6.126
 -11.408   23.922   -7.132
   4.920   23.368    5.472
   6.081   17.547  -35.108
  22.864  -21.954   12.445
  17.058   13.839   32.291
 -15.302   17.698  -23.922
 -19.922    4.157  -38.831
  20.178   -1.744  -42.285
  -7.402  -19.333  -38.605
  -4.917  -22.984    7.977
 -16.469   -0.959   28.524
   0.259   11.681   39.191
   8.650    2.636  -21.063
 -22.149    2.246   40.559
  -6.986   -3.957  -31.113
  12.195   13.462   41.104
   2.908    4.822  -28.882
   3.732   -8.506  -33.865
   2.515  -17.927  -36.414
  24.086    0.614   -2.547
  23.518   -4.147   -4.308
  -3.177   16.746   32.742
  -1.721  -19.039    5.710
 -18.638  -22.852   -2.300
   1.606   19.661   27.766
  22.554  -12.579  -20.603
   9.901   16.378   -3.208
 -18.224    8.282    0.978
 -13.157  -18.628   13.947
  -6.453   -8.580   28.218
 -20.113  -17.408  -13.612
  11.359   -1.367   37.796
  23.366   -6.298   12.442
 -24.981   16.500  -15.843
  17.849   21.594   18.308
 -12.566    4.305   15.506
   7.432   11.964   -8.613
  17.202  -19.551  -28.915
  21.213  -20.652   37.096
 -16.067   22.920  -34.507
  10.684  -10.702  -22.140
 -22.070   11.305  -30.605
   1.956    2.828   39.958
 -20.230    0.048   -1.387
   5.799  -13.082  -41.321
  14.253  -14.201    7.185
  11.780  -11.259   -1.814
  24.138   15.786   18.835
   6.037  -18.591  -37.281
   2.077   18.021   38.971
  12.779  -18.130   36.040
  11.162   23.198  -38.205
  21.019   -5.581  -14.135
   8.877   -8.261   31.410
  -9.485  -18.077   21.953
 -23.259   -6.065   22.143
   9.883  -10.980   -6.629
  -9.973   -1.705   10.007
  -5.760    0.929   -1.844
   6.069   13.366   30.067
  17.642    0.269  -26.766
   2.913  -10.151  -41.151
  17.288   17.827   16.468
  10.494   -9.748   13.998
   8.619  -11.252  -26.895
  20.885   24.537   33.028
   4.223  -13.014   33.129
   5.325  -17.465   17.463
  -9.102   11.037   -0.917
  10.754   12.089  -24.017
  19.407   11.696   35.321
  21.554   -8.095  -37.423
  -6.899  -13.825   -7.758
  18.742    5.874    6.648
 -21.506   -9.534   -1.712
  -9.459   17.376  -30.064
  -0.569    6.772   -3.710
  -3.406   23.780   25.965
 -13.847   24.811   -8.908
  13.708   -7.082   30.446
   3.012   -0.223  -36.504
   8.652    1.597  -16.172
 -16.158  -19.789  -31.966
  19.017   -2.742   22.902
  -0.599    1.451   13.688
  16.410  -12.445   -7.923
  -6.264   12.283   -5.256
 -16.660  -17.932  -25.685
   0.303  -11.255   22.854
   5.969    1.560  -28.783
   9.838   14.199    0.590
  13.249   15.444   33.392
  -0.176   12.427    3.223
   1.897   -4.490  -33.547
 -17.016  -22.155  -34.750
  -4.428  -17.744   32.392
   7.566   24.246  -40.274
  15.101   -5.166   -2.970
  13.969   24.444  -19.230
  -2.020   -8.751   16.498
 -18.405  -10.416   18.701
  -3.156  -18.239   26.927
 -14.769    3.717   -5.386
  -3.331    5.819   42.234
 -18.023   11.869  -16.654
 -23.680  -19.277   -6.708
   0.099   12.471   28.493
  -2.229   -7.007    5.012
  23.337  -15.777  -42.374
   9.413    9.910   23.345
 -17.958    9.648  -39.740
  22.802  -16.080   -0.414
   4.015   13.470   33.664
 -22.987   23.078  -32.700
 -13.570  -19.377  -27.930
 -13.208  -11.036  -22.898
   5.506   -2.778  -34.733
 -21.734  -21.811   28.030
 -18.732    1.482   33.395
 -15.995  -12.454  -40.844
  21.564   -1.196  -18.596
  -8.384   -4.676  -40.415
   2.344  -21.801    7.255
   0.372   15.015  -34.411
 -16.907  -12.604   -7.147
   6.912   -9.638   13.718
 -14.639   20.782   23.323
  -5.278   18.331   41.655
  20.435   24.775   13.295
 -13.591    3.442   20.326
  -0.898    5.323  -23.058
  23.183  -18.750    9.893
  16.408   -8.372  -32.278
  13.383    5.499  -26.882
  17.234   23.682  -34.512
  19.961   22.976  -31.236
  23.006   -9.792   -2.225
  13.826  -16.082  -39.794
  -1.496   12.453  -30.885
  14.416   16.111   29.964
  -2.844   19.898  -21.183
   1.647    8.832    3.595
   6.884    4.406  -14.050
   9.022   20.270    9.429
 -21.223   14.347  -22.032
  16.619    4.354   21.642
 -15.917    7.308   -3.213
  22.995   -0.370   35.997
  21.525   22.000   16.330
 -17.572   -5.597   36.902
  24.466    3.332   40.487
 -21.054   -1.549   27.834
  22.986   -5.796  -17.887
   2.058   -2.341  -15.163
  -0.040   22.355   25.068
 -12.511  -14.968   41.977
  21.451   -8.196   23.579
  24.081   -8.984   32.624
   2.712   19.060    6.863
 -22.949   22.814    1.792
 -19.660   21.953  -12.416
  14.522   -0.196    9.636
 -17.101   16.783  -27.671
 -12.945   15.239   36.450
  23.674  -22.273  -41.792
 -22.854    5.720  -35.167
 -21.269   24.278   13.056
 -13.809   21.603  -26.249
  -8.328   22.789   21.697
 -14.568   -3.083   40.572
   1.037   -9.615   37.656
  10.588  -14.158   24.939
 -12.502   -7.849   23.445
 -23.325   -7.511   30.611
  -5.204   -2.839   20.298
   5.982  -10.618  -30.061
  10.573    9.181  -29.987
 -15.645   19.096  -19.466
   2.113  -18.909  -30.163
  13.413   11.527  -28.836
   2.166  -11.119  -23.724
  -5.308   11.031   -2.061
  -6.049   -0.554   33.992
  23.621    1.535  -30.594
  -9.602  -17.446   42.073
  18.713  -18.684   33.825
 -19.558   -8.333    0.739
  19.518   -4.032   -8.878
  -0.542  -23.832   15.838
  18.965    3.781   24.522
 -11.238    1.359  -35.674
  23.916   19.768  -29.032
  24.367  -23.276   31.423
 -18.690  -22.396  -31.125
 -17.543   18.602   23.514
  -2.218  -15.650   17.770
   1.301    4.929   27.638
  15.960  -10.374   37.180
 -16.174  -15.987   30.475
  16.100   17.675   21.708
   6.201   -2.156  -30.809
  21.527  -12.603   36.020
 -21.717   20.799   23.918
  24.577   -3.414    4.342
   3.472   -3.905   16.358
 -15.724  -22.036  -27.903
  24.181   -3.075   11.188
   9.029    5.381  -24.468
 -24.106    8.571   -0.382
  15.608   12.910   41.164
 -15.040  -14.736   39.482
  10.969    6.865   39.002
  14.220  -12.375  -30.871
  17.285   -3.981  -13.527
 -11.270   -7.061   -0.246
  23.058  -16.855   33.766
   2.358    7.362  -21.938
  -7.242   16.569   36.470
  10.002   21.831   40.856
  22.878   -4.239   16.025
  -7.959   -8.425   15.358
  20.504   14.633   37.305
 -24.050   19.197  -25.135
  18.654  -13.682   12.541
  24.428   18.906   10.759
 -14.995  -23.186  -37.947
  -0.930   -9.437  -35.967
  -3.043   -2.076   26.949
 -22.430  -17.867   29.147
  -5.300  -21.717  -36.184
  -1.219  -18.087   21.296
  -6.469    0.683   15.186
 -23.864   19.606  -41.291
 -18.847  -15.554   28.430
   6.779   10.602   38.017
  -1.140    5.575   -7.764
  24.048  -15.843   17.949
  18.791   11.176    1.996
 -15.478   21.702  -17.464
 -16.772    4.404   20.910
  22.929   -4.779   -7.718
  21.938   18.749   32.181
 -17.938   16.928  -31.288
  -4.798  -17.183   24.261
  -0.228   16.000  -29.599
   4.570  -22.875   21.747
  14.305    1.424   40.518
   7.113   14.515   35.585
   9.142  -18.866   14.565
  24.152    9.596  -28.350
  10.438   14.565  -21.526
  10.183    1.454   39.372
  -4.791  -18.986   17.678
  21.324    2.802   37.808
   8.734   24.317   36.238
  -6.842    9.585  -40.213
 -17.299   -7.399   21.594
  22.601   -6.839   40.632
   4.688   24.827   -1.016
  -9.142  -15.147  -18.754
  -5.590    7.623  -25.673
   2.830   23.778   22.866
   4.832   11.146   15.353
  -5.217  -22.830  -24.669
  -4.742   -7.065   25.162
  -8.662   -7.321   21.448
 -21.018  -14.059   32.839
  16.123   10.704   23.257
  -7.408  -12.692   13.206
  20.549   21.442   20.641
  -4.231   -3.924  -34.104
   7.789   18.300   12.217
   0.782   11.428  -17.223
  12.672   12.180   -3.433
 -17.340  -16.494  -15.738
  -6.531  -18.610   -8.627
  -6.195  -18.024  -34.710
  -4.378   20.249   38.259
 -19.454   -1.134   20.750
  -6.835  -13.024  -41.415
  -4.663   23.938   38.632
 -24.372   14.820   28.802
 -24.173   10.522   18.594
   7.392    6.898  -37.715
  12.050  -16.715  -42.425
  16.347  -18.475  -42.498
   0.608   19.177  -19.606
  -0.097   -0.740  -34.043
  -8.358   15.062    6.189
   3.479   -0.960   29.150
  -3.452   23.689    1.494
  23.447   20.039  -39.017
   0.845   15.808   12.128
  -5.287   16.265   -8.487
  15.710   -3.184   12.704
 -16.330   -8.859    3.346
  20.787   17.956   11.673
  22.288  -17.571   -3.906
 -15.675    6.448  -28.633
  20.344  -12.603  -37.784
  -4.303   20.700   13.412
 -14.260    1.064    1.054
 -18.449   22.797   34.650
  16.046   13.210   26.862
  15.647  -13.032  -37.089
  14.719  -23.666   -1.495
 -22.383    3.889  -30.381
  20.982   -8.948  -18.496
   6.172   10.457  -36.506
  12.935    2.343    5.070
  19.924   -2.582  -27.143
  16.209  -10.055   -0.113
  13.773  -22.534  -24.523
  -3.266  -24.703   29.123
 -10.787    7.235  -12.703
  -7.826   -9.784    9.842
  -3.180    0.870   33.772
 -13.020   21.893   10.450
  -3.320    1.190   16.579
   3.303  -10.479    2.176
  12.346   18.379   15.782
 -16.585  -21.270   24.724
  19.132  -16.158   -2.175
 -11.958   11.205   30.153
   2.242  -24.599   -3.672
  20.346  -17.852  -26.681
 -16.485   17.297   18.267
  19.685   14.373   13.364
  -3.647   15.376  -15.540
  14.823   21.047   32.818
  -9.859   -9.216   35.904
   5.054  -23.170   42.272
   8.287  -23.378   -5.154
  16.285   24.998   37.201
 -11.135   10.044  -34.519
   8.820   -4.941   -5.949
   8.206  -17.428   32.949
 -22.559   -1.589  -13.602
  -7.682    8.614   18.140
 -19.005   -0.904   39.838
   3.496   18.629   32.718
  21.106   20.217  -12.605
  14.508  -22.914   26.750
  -8.980    6.420   42.303
  23.951   -0.347   18.687
 -18.567   15.879   37.211
  -9.788   -3.059   35.404
  -6.927   -3.571   23.610
  15.884   -6.658   39.706
  11.762  -24.966  -13.515
  18.269   19.137   -9.507
  16.839   -8.356   34.004
   6.898  -11.700   16.872
 -12.740  -22.447   13.976
  15.039    2.326   34.823
  -7.948  -17.752   19.039
 -21.803   24.436   25.233
 -19.601  -20.981  -37.688
  21.890    8.722   30.508
  16.747    1.027  -23.011
 -18.984  -10.149   12.980
 -22.221    3.100    3.459
  17.768    5.867  -40.224
   3.250  -21.066    3.996
  16.356   14.490    4.973
   5.823    5.617   19.158
 -15.220   -3.299    4.244
 -11.645    6.755   35.977
   8.266   22.692  -27.849
  23.964   10.835   37.501
  -0.107   -7.916  -41.362
  16.969  -21.494   35.939
 -18.414    8.238   40.390
  10.438  -21.106   17.343
  13.816  -23.446   16.186
   8.146   19.791  -25.414
 -15.313  -10.971    6.756
  -4.466  -19.179   21.434
  16.659  -18.063  -25.715
   2.889   -9.282   27.051
 -11.388   24.384  -28.935
  11.042  -24.358   28.545
  14.517    5.721  -36.847
 -16.085   -1.162   -2.180
   2.786   14.447   28.848
  19.091   24.542    3.419
  10.164   -7.066   20.414
   1.576  -11.053   10.315
  -4.375    9.465   18.240
   5.769  -24.555  -25.810
   2.553  -18.026   36.572
 -14.937   10.037  -33.908
   4.466   -5.225  -18.177
  -6.748   12.151    7.558
  -1.495  -13.955   20.773
  -3.637   -6.796  -41.503
 -14.103   -2.929  -10.726
 -21.308   15.172  -30.110
   0.004   -9.719    5.656
  21.342  -10.429   11.420
 -21.520  -10.069  -19.131
   6.610   24.720   18.651
  16.747   24.982    0.647
 -14.591    3.790    2.905
  -7.246   -5.447  -14.884
 -23.061  -22.506  -18.556
 -14.452  -16.727  -40.462
 -11.031   18.100   -3.793
   2.945   18.057  -39.394
 -16.108   -0.315   35.554
  15.288   14.289  -20.989
  -8.517   18.425   -6.576
 -12.963   12.218   33.883
  12.809   24.313  -32.723
   5.135  -16.301  -17.027
  10.394   -8.238   41.924
 -12.503   -9.149    3.803
 -20.748   13.750   30.257
   6.322  -13.971  -24.252
   4.864    9.464   32.337
   2.096   21.807  -35.201
   7.512   -1.287   23.072
   9.681  -16.341   36.295
 -17.285    7.577  -12.693
 -15.983   -9.196  -34.151
 -18.243  -18.742  -18.227
  24.162   23.257   34.231
 -18.430  -16.300  -37.373
 -13.565    0.647  -11.960
  -4.820   -7.640    9.640
 -12.777    8.282   -8.427
   9.307   -9.628  -37.650
   2.971   10.222  -27.052
  11.488  -11.028  -16.343
  -3.694   10.318   -7.581
  23.472    7.950  -24.932
   7.648   18.046  -28.640
   7.872    2.484   10.071
 -14.612   23.420   15.818
 -19.035    5.841   23.812
 -21.960   11.123   22.009
  12.030  -15.506    3.113
   7.883  -16.836  -39.365
  -4.759  -17.634   -5.513
 -13.724    6.725    6.168
 -13.777   -8.836  -30.734
  15.137   17.350   14.136
  -8.061  -21.465    9.965
 -20.533   13.378    6.227
 -23.215   24.006  -20.872
   1.667  -14.028  -38.382
  -6.873    0.850   18.718
  16.601   20.860   -1.251
  -8.986   11.223   31.734
 -22.775  -10.785   33.272
  -3.511    2.188  -19.972
  -8.685    3.065  -13.145
 -13.125   -0.211  -22.735
  14.820   -1.914   25.708
   8.293  -18.346   -0.639
 -21.226   19.864   34.995
 -22.316   -5.343  -29.961
  21.004  -19.809  -38.420
 -20.392   17.409   21.164
 -14.392   12.922  -13.640
 -12.861  -20.670  -35.678
  17.258    5.762   34.517
  14.090   19.486   27.736
  12.842    4.677   41.445
   4.933   12.233  -33.885
   0.046  -19.608   42.064
 -13.686   -6.005    3.622
  -9.595    0.837  -18.516
  -3.870   24.462   -7.557
 -19.233   14.796   18.818
 -23.381   12.834   -4.486
  18.869   18.609  -36.796
 -22.439   12.139   -0.776
  -1.560   -5.365  -23.930
 -11.757   17.172  -32.684
 -24.913   13.311  -22.376
  21.283   -5.148  -32.658
  12.049  -11.880  -37.600
 -24.208  -13.659   -3.211
  22.383   21.674  -21.554
 -10.787   17.267   34.550
 -21.266    5.621  -11.561
 -15.547   -8.582   16.713
 -10.052  -16.298  -33.056
 -13.144  -16.591  -35.278
   0.127   20.797   12.614
   4.444   -2.393   25.427
  -8.767  -22.927  -25.048
  22.737  -15.154  -28.280
 -23.334   -7.400   35.353
 -21.001  -12.514   25.017
  15.397    7.454  -24.726
  -8.212  -11.766   21.986
  -2.011   16.062   16.945
 -15.101    2.850  -21.256
 -23.977   19.351   39.948
  12.740   14.975   37.095
  -6.018  -24.905   -3.291
 -13.769  -12.058    2.988
  -6.432   20.996  -31.990
  23.052   -1.281    2.105
 -14.659   20.360   39.946
   6.326   24.640  -17.950
   7.209    0.369   26.142
  20.037  -13.489  -11.617
  18.729  -19.396  -33.854
  24.083   22.723   30.156
  11.800    2.112  -14.169
 -23.662  -24.438  -25.935
   6.842   12.618  -40.245
 -11.528   13.958  -30.484
  -9.621   -5.715  -27.378
  -7.960   -2.732   40.761
 -16.528    2.903   35.348
   3.906  -15.273  -21.888
  24.469  -15.907  -24.602
 -14.192    5.910   33.714
  24.926   19.251   28.034
   1.342   -5.217  -28.864
  -9.686   -8.988  -16.403
   2.766    0.159    5.649
  19.677    4.302   20.585
 -11.574  -23.712  -21.564
  -6.557   18.948    4.492
  -8.565  -24.809   -7.488
 -21.349  -21.888   -9.183
   4.437   15.178   24.232
  18.984    4.477  -22.782
 -14.467   -6.643   39.094
  19.700  -15.837  -31.425
 -13.128   -1.936  -31.872
 -23.169   23.977   28.577
   8.110   -5.600   26.924
  10.541   -0.110   29.011
   1.842   -8.536  -38.431
 -18.867   22.571   24.170
  18.383    6.040   -1.654
   3.003  -24.435  -22.369
  23.067   -7.452  -40.619
  20.212  -23.541  -41.056
 -15.734  -24.231   26.674
   5.663   -7.322    3.760
 -10.924   18.655  -37.939
 -21.017   -0.439    4.084
 -23.558  -16.161   -9.733
   1.091  -13.884  -19.119
  14.203  -20.003  -15.262
 -20.836   12.996  -14.867
  -6.563    4.004  -36.446
 -14.166   -8.939   36.530
  24.393  -18.145    2.390
  13.852   -7.480    8.776
 -18.065   19.276    1.192
  11.820   -0.364   11.420
  -4.901  -15.133  -17.123
 -11.856   -4.658  -30.445
  -4.485   -5.145   34.027
  16.851    0.631  -41.603
   9.281  -15.461    6.402
   2.177   -9.590  -28.779
 -22.147   -3.057  -36.066
  13.301   18.871  -38.695
  10.031   13.452   -5.500
  -6.997   -4.123   27.530
  14.799  -12.948  -11.700
 -18.642   20.617   -7.973
   3.312   24.048   29.713
   9.515  -15.571   13.520
  11.645   23.707  -41.586
 -10.146   16.266   38.599
   9.157    8.747  -11.129
  -8.201   20.652    1.294
  -1.163  -24.185    7.719
  -3.308  -18.973    1.171
  13.771   11.106   30.655
  24.994   22.389   10.950
 -17.500   -3.524  -22.299
  -2.604   -2.070   32.688
  -5.288  -19.505    8.236
  11.892  -10.738   33.047
  24.535   -2.590   28.467
  -6.930   17.492   32.784
 -11.153   15.060  -27.355
 -15.289    9.676  -41.950
 -20.661   20.991   11.313
  14.037   18.160   -6.234
   4.118   13.168   -3.671
  24.138   21.757   37.254
  10.631   23.967   25.036
 -10.426    6.486   26.176
  12.192   -6.342  -31.987
  -5.233  -13.660   33.157
  -5.642   -7.522  -30.877
 -19.232   18.748  -11.334
  24.408   18.119   37.011
   6.717   20.184   -6.444
   2.067   23.716  -11.659
 -10.649   24.031  -24.032
 -22.647   23.410  -40.181
  18.186   13.483   -8.866
   5.510  -21.178    8.747
  -1.639  -23.818   33.747
   0.734   -1.493   34.565
   3.926    2.345  -17.384
 -10.705   -2.023   26.669
  -8.761    5.208  -30.202
  -7.480  -14.335  -34.695
  15.773  -22.183  -13.138
  -5.930   -4.405  -38.350
  -7.022  -11.487    6.892
   4.902   -5.625   41.976
   4.023   12.399   -9.904
  -8.076   13.238  -19.536
  16.247   -2.300  -21.490
  -2.087  -10.246  -39.068
   8.685   18.965  -33.351
  13.430  -15.741  -30.294
  10.463  -19.439  -21.995
 -10.817   19.638   39.434
  13.480  -13.252   -5.213
 -18.108   11.407   14.873
  23.885   -9.962  -31.278
  20.642  -13.523   -8.059
  24.131   18.465  -33.012
  24.114  -14.192    2.146
   7.610  -19.713   -8.674
  -1.756  -12.663  -35.466
   5.183  -18.833  -32.813
 -21.606   -2.593   23.815
 -19.394  -12.433  -37.544
 -17.803    8.212   -6.011
   5.705    4.860  -26.685
  19.307    2.399   10.173
 -19.463   -2.267  -14.497
   6.665   20.087  -12.344
  -7.166    9.283   24.622
  22.943   -1.764  -29.030
 -14.612   -4.299   15.029
 -11.503  -17.961    8.209
   2.156  -21.995   23.488
 -13.501   13.018   38.984
 -20.093    1.588   23.510
  11.411   -2.976  -40.955
  21.635   -1.661  -10.914
   4.298  -13.417   10.554
 -10.021  -12.300    4.525
  21.518  -23.080  -25.672
   9.061   11.534   14.354
 -11.792    2.300   26.265
 -10.204  -20.514   30.764
 -23.797  -19.347  -33.931
   1.901    0.631   15.840
 -15.623  -20.661   28.018
  -7.565    5.306   -6.952
  10.919  -17.525   -4.153
  -2.034   -9.586   26.099
 -12.399  -19.768    2.059
  15.745    1.103  -34.381
 -23.906  -16.819  -40.303
   4.342   17.556  -22.928
  22.350    8.654    7.211
  -8.715  -12.040   36.775
  17.652    2.361  -15.821
 -15.482   17.879   37.204
   2.872   14.016   14.667
  -1.999  -14.493   41.843
   9.444   13.296    5.225
  13.647    5.343   15.870
   1.108  -22.119   38.048
  11.854  -18.411   24.875
 -11.378    4.460  -19.628
  -7.256   13.338  -29.608
   5.510  -10.899   35.877
 -24.015    8.237  -22.669
 -11.589  -22.876  -38.759
   4.961    5.120    7.762
 -20.286   17.630   16.579
   2.258   24.858   33.962
  20.061   -5.261  -39.199
 -17.752  -13.606   25.701
  15.476  -21.195  -35.607
 -10.374  -19.449   27.403
  -3.799  -13.874   -0.699
  20.623    0.534   20.450
  17.825   10.740  -27.388
   7.115  -13.406  -17.518
   2.004    3.900   32.531
  -7.221    2.094   11.545
  -1.549   -4.245   -9.288
 -24.296   -3.073   20.064
   6.045  -12.969   40.001
  14.072  -12.494  -22.754
  -8.417   15.485   -5.109
   6.708  -14.208  -30.308
 -10.684  -10.683   41.382
  24.406  -20.884  -29.861
  22.001   -1.056    5.921
  14.408   -1.911   -9.415
  -0.673   24.844   -5.939
 -11.692   10.621   -4.990
 -16.166    8.235  -26.022
   2.431   13.538  -28.635
  17.084   23.941   34.343
 -23.924    6.259    6.285
 -11.221  -12.553  -30.319
 -17.677   10.998   10.999
 -16.411    0.583   19.037
   0.645   -7.684    0.755
   5.421    2.256   34.979
  21.807   11.670   10.055
   4.776  -13.250  -27.238
 -21.885    2.731   -9.920
 -19.926   -0.228   11.123
   4.385   23.481  -28.731
  -2.040   24.331  -25.485
 -12.933  -12.811   34.433
  12.037  -22.703  -18.950
 -22.841  -21.290   32.075
  21.127   16.179   -8.075
 -21.294  -12.849   -9.520
  24.267    2.114  -12.602
 -16.754    1.974   -2.276
  23.463  -16.267  -11.478
  14.169   -9.208  -22.662
   4.024  -12.748   -5.622
 -19.831   13.175    1.469
 -21.240  -24.051   42.453
   1.588    9.829  -38.151
   6.441   -8.762    0.676
 -14.844  -20.013   18.871
  -9.606    5.302  -15.427
 -21.440   -3.920    2.642
  -8.068  -10.008  -35.031
  14.786  -19.711  -32.842
  13.690  -16.853   11.983
  -0.969    4.217    4.995
  -7.268    1.830    6.098
 -22.429    7.760  -30.751
 -24.805  -21.118   39.214
 -20.060    6.535   31.014
  23.893   14.977   -1.184
 -11.307  -24.298    1.183
 -12.992   15.350  -36.137
  10.869   -8.640   24.979
 -10.009   10.975   11.667
 -24.723    5.688   24.201
  23.986    5.751  -12.924
 -11.965    1.228   10.602
   4.133   11.813  -23.854
 -21.583   -5.199   -5.497
  -2.615  -15.539  -39.186
 -24.925  -11.837   -6.814
 -23.362    2.927   -1.586
 -24.643  -21.827  -22.159
 -16.911  -14.496  -12.553
   3.523  -15.562  -41.106
   4.766   -4.138    4.084
 -22.880   15.279  -12.204
  -4.455  -10.413    2.643
  -0.438   18.141  -23.656
  -4.822    4.711   11.668
 -12.070  -16.055   -2.036
  -5.713    9.448  -16.150
  11.785   -8.193   -6.941
  11.807   14.200   30.354
  -1.008   22.641   38.161
  22.112  -18.620   30.944
 -14.245   -9.761   32.809
   6.182   21.904   27.352
  15.407   -9.188  -28.560
   3.319   18.723    2.284
  17.157   -4.931  -31.523
   7.807   -2.640   30.640
 -11.960   -4.962   -9.239
  -5.987   19.783  -20.586
  -8.029   13.859   27.462
   0.281  -16.031  -15.656
   9.443   -2.264   26.470
  -9.607   21.627    5.140
   8.395  -15.684   40.757
 -18.968   24.452    0.795
   2.796    0.240  -27.433
  -2.682   -0.434   23.759
  16.766    9.579  -31.778
 -23.666   15.548    7.914
  -3.807   -3.588    9.830
 -19.069    4.926  -35.803
  18.228   -5.947   16.792
 -24.447   15.095  -33.978
  -0.933  -22.275  -12.570
  18.446  -18.239   24.809
  15.768   21.428  -40.293
 -16.292    6.157  -20.794
 -15.190   24.649   -1.715
 -16.161    0.475  -25.022
  -8.014  -14.142  -30.826
 -17.908   24.797    8.846
  -5.949   -5.435  -11.320
  -0.612    6.070  -37.044
 -10.368  -20.430  -19.551
  -5.677  -10.749   23.751
 -17.773    7.355  -32.493
  12.924  -16.393  -27.053
  16.192   -1.570    0.657
  -3.552    2.744   27.149
  -8.502  -17.585    2.757
 -11.880   -8.074   15.564
  -4.586   13.499  -40.424
  23.984   -6.210   -1.094
   4.381   -0.900  -39.835
  -1.832    0.482   10.917
  19.711  -15.860   32.291
  -7.093  -17.402   34.974
   4.079   -6.256    0.495
 -16.837    0.545   12.935
  -5.441   -8.315  -21.396
  -1.975  -20.815    8.533
  13.837   -7.608  -13.013
  22.922   12.368   33.881
  -0.114    7.381    6.846
   8.887    2.292   22.075
 -10.724  -10.945   13.108
  15.573    3.106  -11.722
 -19.298   10.827   37.589
  -2.383   -4.263  -12.333
 -21.070  -11.131    3.293
 -11.451  -19.030  -38.837
 -22.469  -24.460   36.374
   5.701    0.779   38.412
   6.382   14.216  -36.422
   4.308    7.991   -8.415
 -14.976    2.192  -17.729
   0.951   22.887   -8.402
   8.470    5.306   41.665
  -1.586   -0.669   19.653
   7.536   21.301  -38.716
  17.062    9.657  -39.387
  20.429  -23.541   40.111
  15.892  -15.248    3.009
  13.302   -6.234   18.637
  -9.969   -0.582  -30.751
  15.655   24.718   23.518
  10.048  -18.955   39.531
   1.333    2.948  -24.727
   3.452    3.130    2.890
 -22.006  -24.526   -6.427
 -21.042   16.026  -18.079
 -14.870  -24.017   40.190
  18.681   -1.663  -15.451
  16.374   -3.292    4.012
   7.124   23.232   -3.540
  -9.877   14.110   -1.611
  16.223    6.134  -12.969
  20.015   18.864   37.774
   2.632  -10.513   20.021
   2.829   -5.692   29.908
  22.018    5.263  -16.047
  13.658  -14.903   21.453
  18.321  -17.575  -20.791
  10.515    2.564    7.641
 -15.668  -12.423  -25.475
  -5.731  -17.547  -14.445
  13.187   -1.809  -23.805
   9.125   21.207  -22.452
   8.252  -21.590  -19.923
   0.210    9.503  -13.685
   5.520  -21.375   17.244
 -20.748    7.907   21.680
  11.768   21.028  -13.320
  -8.650  -15.853   12.691
 -18.201   23.276   27.540
  19.325    0.786  -35.723
  -7.161    4.842   19.654
 -18.191   -1.351   24.642
  10.646   -4.239   15.555
 -14.875    0.570   26.093
  24.264   24.401  -41.472
 -11.814    1.944  -41.727
  15.793   17.842   34.341
  15.344   23.257   20.505
 -18.537   13.652  -40.439
   0.687  -14.066  -30.185
  -8.606  -16.017   37.960
   6.264  -17.523  -42.500
  22.811  -13.557   13.795
 -12.092   22.662  -18.269
 -12.158   10.282  -18.542
  -6.336   24.080  -23.291
  20.135  -16.391  -36.108
  15.881   -4.121   22.472
   3.246    8.145  -35.847
  12.876   21.906   38.188
   0.245  -19.702  -26.950
  14.303  -14.231   37.646
  -0.649  -13.799    5.583
  19.535   22.124    0.527
  -2.832   -3.284  -37.351
 -24.075   22.592  -27.831
 -23.585   16.807   -3.145
 -14.186  -11.433   39.938
  18.343  -16.374   36.726
  22.009    7.396  -30.668
 -13.817    2.326   32.812
 -15.197   20.488   26.880
 -19.578   -9.286  -35.307
 -20.694  -22.918  -26.667
  -1.816   10.279  -26.728
 -19.190    2.546  -25.617
 -21.329  -22.100   15.075
  10.342    2.318  -42.444
  21.470   12.496  -33.208
  15.616   -5.565   36.336
  14.408  -11.435  -14.837
  -3.304  -23.935  -33.676
  10.664    7.611  -40.182
   7.796  -22.066  -40.795
  -7.199  -21.608   -4.370
  -8.041    4.437  -18.556
   5.473   10.228   41.513
  -1.951   -8.863  -19.853
   4.952    7.442   25.845
  -6.491    7.644  -20.159
 -11.638   21.976   14.242
 -23.469    1.975   32.816
  23.369   15.997  -38.466
 -16.339   -8.504  -40.600
   2.973   14.324  -36.132
 -21.337   22.494   37.220
 -18.375   -3.808   -1.263
  22.335   17.130    6.557
  -6.528   -5.661   18.213
 -14.590    2.775   41.083
 -22.219   -5.574   -0.137
  22.275   11.897  -39.600
  22.429   -1.273   31.898
  13.142   24.422   -9.072
   8.211   15.162   25.372
 -23.638  -16.148    5.279
 -16.057  -14.293  -33.160
 -13.166   16.428  -21.259
  -9.749    7.656  -18.810
   1.304    2.381   -2.236
  14.709  -15.675  -21.247
 -11.167  -20.314  -23.891
  22.989    9.305  -12.733
 -11.327   -4.388   -3.584
  15.426  -24.008    9.216
  15.698   -0.561   36.779
  19.734  -22.060  -21.356
  -2.686    6.149  -20.195
  10.777  -21.078   31.084
  -9.280    1.469   16.294
 -16.815  -18.600    2.565
  11.107   24.218  -24.259
   6.201   21.365  -31.803
  -1.488  -13.446   24.393
 -21.010   -1.671   17.360
  11.638   -5.289   -1.513
 -22.850  -22.475  -34.931
 -15.437   10.053  -15.983
  13.794   -4.230    5.836
 -19.979   -8.406   36.849
  21.717  -20.034  -12.931
  -6.558  -15.882  -23.825
 -20.484   20.855  -42.430
  -1.843   22.622   16.773
  -4.617   17.034  -18.924
 -18.309  -18.352   22.677
   3.268  -11.067    6.397
   8.418  -16.721    3.032
 -18.753  -20.483   18.275
  10.388  -17.856   -9.383
  -2.978  -17.354   38.747
  18.582  -24.877  -13.983
 -12.479  -17.293   34.387
  -9.943   23.943  -33.175
  20.017  -10.123   32.181
  15.165   -9.082   -9.617
  -1.958   -1.753   39.618
   3.115  -20.018   39.826
  12.665   13.083   18.995
 -14.342    3.086  -36.732
  15.379  -17.106  -35.855
   4.157   24.538   15.596
 -14.279   16.557  -17.123
  15.949  -14.981  -27.311
  20.687   -1.066  -24.039
  -3.510    0.489  -31.169
  17.457   -2.881   34.539
  12.803   19.827    4.840
  -2.669   -7.311  -33.751
 -19.768  -15.988   39.022
 -12.378   11.744  -22.388
  -7.650   23.981    1.638
  10.250  -10.945    8.453
 -13.120  -20.032  -17.802
   4.555   -4.807   -6.494
 -20.131   -6.591  -14.535
   3.742  -18.289    9.031
 -12.029   -3.487   13.179
 -24.000  -13.627  -37.693
  15.307  -13.919   17.699
   5.588   21.412    8.304
  -4.685   -7.567   37.840
 -13.433   14.339   13.957
  -6.199   -0.112   25.381
   0.867  -20.913   -4.631
   8.842  -10.407   38.822
  22.058   17.303   28.841
   9.220   16.130   37.487
   0.809  -13.263   16.765
 -11.454  -19.902   -7.931
  -1.264  -15.926    2.625
   4.388   -5.832  -36.451
  -3.567    7.581  -35.231
 -19.340    4.529   39.933
 -21.888   14.033   -8.491
  -2.703   15.537   41.800
 -19.955   22.820   20.514
 -10.724    1.039    7.117
   9.805  -17.618   18.928
  12.164    4.005  -16.816
  -8.541  -10.060  -13.491
  -7.572  -24.810   30.993
   6.050  -21.794   24.295
 -22.357  -23.163  -30.227
  14.828   14.217   23.769
 -23.844   -0.148    6.033
  20.931  -20.192   17.783
 -10.474   10.036   34.766
   1.305  -24.605  -37.135
  15.097  -21.945   29.622
   0.801    9.825  -34.477
  14.133   14.585  -30.672
 -23.248    0.091    0.698
 -18.000   19.785  -33.852
   8.167   14.614  -24.594
  13.496   -9.334   26.879
 -19.731  -14.256   18.318
 -14.723   -6.260  -33.095
   6.214  -21.428  -28.603
  21.379   20.885  -25.473
   5.698    4.697   12.463
  -6.927  -16.485   26.569
 -12.214   17.331  -11.721
   9.261   -3.873   11.096
   8.660   21.936  -16.004
 -20.324    1.056  -41.000
  20.706   13.924   41.283
 -22.085  -15.596   20.159
  16.104   21.678   -8.306
 -23.572   20.376  -10.469
  11.190   -6.885   28.018
 -14.833   -0.979   -7.237
   1.128   -2.465   26.804
  21.581  -13.934   40.104
  12.087  -17.268  -33.044
 -12.722   12.364  -10.107
  11.380    8.803  -25.998
  15.253    9.928   -0.681
 -15.713   23.127  -12.145
 -10.457   12.358  -25.561
 -12.192    1.350   -8.362
  16.011   -6.453  -25.882
   1.685   15.056  -24.607
 -10.564   21.423   31.769
  -1.779   20.628   -8.453
  10.015  -13.911   -4.222
  20.406   17.847   22.629
  21.239   -5.712  -27.240
 -21.037   22.697  -28.877
 -13.956   11.507   24.998
  19.952   22.280   29.969
  -1.048    6.693    2.683
 -23.152   10.472   -8.634
 -11.677   14.164   -4.893
   2.351   14.164  -40.122
 -18.140    0.862  -28.762
  18.599  -12.412  -28.976
  21.436    0.328   26.024
  15.762   11.292   37.543
  -0.277   21.418  -16.024
 -12.054   20.678  -41.150
   4.357   -8.409  -24.301
 -16.222   23.823    4.777
  15.196    4.252   25.809
  19.060    5.022   15.233
  -1.496   21.944    4.711
   0.691   11.267  -42.274
  -3.873   -6.542   -3.101
  17.461  -18.163    0.097
  20.752   15.628  -14.194
 -23.230  -18.557  -16.177
  -4.447   18.949   -2.744
 -20.258  -13.863  -16.118
 -11.044    6.234  -34.277
 -16.214    3.020  -14.167
 -23.328   20.151  -17.968
  -8.475   21.559   13.142
  15.617  -11.301    8.021
  17.845  -11.144    3.570
  20.673    8.345  -35.823
  -2.143   13.480  -18.227
  -8.270   17.071  -21.035
  23.622   10.420   25.450
   9.879   20.872  -30.695
   0.123   -7.436  -31.997
  14.986   15.459   -5.207
  16.186    5.236  -16.700
   7.292   15.965  -12.627
   4.202    0.042    1.477
 -23.888  -16.461   32.024
  17.416   20.983  -12.938
 -19.216   -7.229  -11.134
 -23.916   -8.616   26.567
 -18.888   -9.020   24.778
 -15.258    6.124   -7.708
  -8.144   -3.427   14.679
  11.765   18.161   31.608
  -8.403   20.317  -24.401
  -3.500   14.694  -30.668
 -10.959  -10.124    6.788
  -6.145   21.175    9.603
   8.923  -23.333    0.557
   5.859   -3.447   28.586
 -23.890    4.148    9.084
  11.907   18.586   37.249
  -7.122    4.914    2.978
 -17.952  -24.271   16.870
 -14.148  -14.987   18.043
  21.981   -8.330  -22.318
  10.670    1.635   36.013
  19.745    1.239  -39.191
 -21.897    7.574  -38.134
  17.712    0.123   26.731
   8.316   -2.500  -26.294
   5.014   -7.257   14.963
 -11.873   13.375  -17.369
   8.316   -2.486    6.545
 -21.568    1.339  -28.212
 -13.807    7.208   25.367
  -9.498    6.833  -38.603
 -24.987    2.088   30.037
  24.665  -21.287   15.671
   7.897  -14.864   -8.136
  15.551  -19.256    2.861
   7.017  -16.389   25.450
  -7.224  -20.634  -42.269
  15.049   23.442  -22.103
  -8.295   22.343   40.426
 -19.939   -4.647  -17.431
  -5.554   22.173   -1.435
  11.983  -10.570  -28.185
  -7.146  -21.259    6.222
  -8.379   18.037  -15.992
  -9.689   13.267    2.035
 -22.305   20.110  -34.528
  11.116  -23.417   14.138
 -15.693    2.357  -40.624
  -4.323  -11.854   26.812
  17.441   22.695    6.722
  20.522  -14.872   19.283
 -16.824   -6.047  -20.210
   0.708   -3.879   14.017
  -9.143  -17.200    5.953
   2.004  -21.878   29.558
  13.995   14.291  -39.353
  21.849  -17.585   13.496
   7.040    2.428    4.672
  14.941  -12.515  -19.116
   1.042    3.406    0.668
 -22.241  -20.458   18.315
  -1.302   14.267   25.577
 -18.972  -24.260  -38.363
   9.716   10.489  -35.330
  -6.050    3.888    0.087
   3.134   19.361    9.939
   8.090   -5.415   41.678
   3.807    2.167   27.051
  -2.602   10.339  -41.759
  24.699  -21.903  -10.859
 -24.445    6.674   40.087
  22.849   22.553  -16.658
  -2.718   13.558   38.257
  18.782   -2.125    7.394
  -5.615   -1.575    5.777
 -19.142  -23.417  -12.701
 -15.893    7.407   17.246
  17.289    2.159  -31.421
 -17.267    1.707   -5.866
  14.758  -22.727  -29.614
 -17.659  -14.603   21.810
 -11.260   -0.024   13.752
  12.293    9.881   20.731
   3.407   20.945   15.114
  17.902   -3.620   30.645
 -23.595   -0.119   37.533
 -24.986   15.254   -7.579
 -12.590  -11.134   17.839
 -15.307   12.908  -30.901
  19.466   10.316  -20.436
  18.432    6.921   22.954
   4.240  -24.979   -9.564
 -10.402   23.614   -2.268
 -10.070  -13.656   -5.816
   6.561  -17.640   11.814
  18.536    1.379  -19.569
   1.857   -7.387  -15.455
  13.557    3.587  -32.622
  11.597    8.285   35.119
  18.472  -15.869  -16.514
  -6.153   23.912   18.607
   0.954   -3.324   18.553
   5.908   15.306   -1.402
   4.465   11.738   11.481
 -19.714   16.677   42.395
  -6.870   21.704   -7.459
 -20.422   15.765  -38.577
  -6.513    2.441   30.987
 -11.080    2.996    4.065
   8.301   24.178  -32.918
  14.308   -6.015  -34.482
 -14.504   -8.210  -25.095
   9.364    4.087   13.221
 -14.487  -16.133  -27.460
   3.073  -14.085    7.245
  23.306    4.596  -23.574
  20.585   14.210   23.598
  -0.742    2.566  -29.809
   5.149    5.831  -19.460
  -2.180   -1.328    5.974
  -4.109   -4.082   29.369
  14.234    8.126   38.360
  11.647   -7.087  -36.500
  24.257   11.903    1.215
 -15.415  -23.368  -31.751
  -0.408   12.071   20.447
  -5.469   -7.147   13.158
 -15.553   -5.220  -37.310
  -1.823  -23.681   -9.252
 -19.332   -6.483   -3.441
   0.853   10.122  -30.478
 -24.889   16.580  -30.729
  14.094   -1.881  -34.737
  -0.086  -13.220   38.474
   2.109  -16.524   17.057
 -22.587   12.766   26.129
 -12.453   -1.309   30.742
  -8.803    2.882  -21.991
 -10.655   -4.247   29.122
  -7.151   16.531    0.817
  10.425   -9.871  -31.396
   6.016    5.344  -34.442
   8.214   18.541   41.056
 -20.454    0.261  -31.461
 -19.716   -2.053  -28.281
 -19.599  -23.005   33.694
  -6.745  -20.933    2.475
   0.930   14.609   41.887
  -3.216  -10.758   34.864
  -8.761    4.557   29.695
 -24.904   -3.912   35.830
   4.264  -15.183  -35.384
 -22.621   16.514   40.823
  -1.611    2.686  -36.418
  16.254  -14.604   28.942
 -23.666    3.948  -38.227
 -17.186   15.506   21.942
   3.440  -19.496  -40.555
 -23.292    2.376   22.887
 -12.081   -3.654  -20.371
   8.607    7.711   -1.067
  16.378   -7.651  -36.734
 -20.038  -24.560  -21.100
  10.906   15.258   27.311
  16.149  -11.962   31.705
  23.023  -23.296   21.611
 -13.140  -18.164   41.150
  -9.946   -5.858  -22.000
  -2.249  -17.254  -19.132
  -9.864    9.263    3.414
 -21.412    2.968   29.573
   1.102   21.518  -38.935
  22.278  -13.068   -4.551
   7.464   18.899   23.956
  18.656   17.983  -26.899
 -11.566  -16.949   -9.755
   1.815   -5.015  -24.180
 -18.412  -18.901  -21.728
   5.149    2.907   -2.149
 -19.462   10.437  -26.020
 -23.337  -23.002   23.507
 -15.095  -21.623   31.609
  11.927    7.710   26.120
  -4.130   -0.677   -6.052
  -9.011   -9.243  -21.398
  -6.715   20.234  -36.669
  -4.794  -19.332  -19.257
 -21.665  -23.129   11.123
  -5.694  -24.756  -30.541
   0.619  -13.031  -41.995
  -4.403    7.341   22.402
  15.123  -23.089  -32.835
  23.280   15.567   10.375
  -9.409   -7.100   42.216
 -17.979   24.920  -42.025
 -14.378    9.277   33.112
  18.677    6.804   11.850
  -4.176    4.219    4.669
 -22.398  -18.337  -37.253
  10.933    5.786   -6.383
   3.063   21.665   -1.974
 -18.287   -2.830   -4.154
 -16.578  -12.141   16.441
  22.667   19.170  -19.001
  10.953   -0.532    6.313
  -0.739  -17.497  -36.163
 -20.639   -8.655   28.018
  -0.742   -1.613   15.705
  12.053    5.665  -11.842
  -1.876   18.029   28.984
  -6.390  -24.146    4.030
 -13.075   13.887  -42.413
 -24.472   10.876  -17.583
  22.409   -2.825   25.666
 -15.230   12.589  -20.622
   5.661   21.436   41.121
 -18.440   -9.911    5.741
  17.297  -21.719   14.329
  -8.710   11.415  -14.984
  21.146   12.566   27.759
 -13.148    9.376    8.511
 -12.788   17.955   17.550
  19.007  -21.638    2.988
 -12.410   11.431   -1.936
 -12.456  -14.904    6.658
 -18.128    0.519  -17.380
   6.626   16.487   30.222
 -13.555  -14.684  -13.797
  24.806   -0.489   24.032
 -17.435  -19.802  -11.997
  18.963   -7.861  -27.801
  -1.042   18.683  -40.236
 -22.324   23.732   33.057
  23.033    0.193    8.683
   5.471    8.868  -16.974
 -17.260    4.137   31.755
   7.031    1.484    1.126
  -5.015  -22.503  -15.726
 -10.730   -1.842   -0.292
   0.104   11.432   -6.843
   0.611   13.786  -14.780
 -17.416   14.995  -19.428
 -21.481    8.596    5.766
 -20.621  -17.412    3.989
 -24.038   -7.127   14.140
 -16.315   18.883   -9.392
   0.520   -3.037  -19.152
 -23.843   -7.911   11.009
 -22.417  -22.967  -39.034
 -18.219   -3.163   17.664
 -14.445   -5.464  -23.503
  14.300  -24.665  -40.212
 -23.398  -13.439  -24.048
 -17.756  -22.301  -24.091
  24.662  -11.438   40.201
 -21.890    9.090   25.632
  11.083  -21.850    4.231
   2.943   13.726   19.910
   5.360  -24.966   35.403
 -15.676  -11.322   23.307
 -20.927   14.525   14.871
  10.661  -12.651   20.082
   5.751  -13.315    4.569
  -7.046    8.821    6.289
 -19.681  -11.877   29.470
  19.535   -0.051   33.715
  -5.780   -5.686    0.020
  13.426    5.183   35.786
  15.099   -7.209   -6.275
  11.297   17.636   24.208
   3.301   10.861  -20.861
  16.848   16.027  -13.901
 -23.107  -17.441   25.146
 -20.778  -10.552  -16.016
  -1.665   17.021   38.102
 -21.413    7.375   -7.650
 -21.617   10.904  -39.895
  13.385  -19.679   41.735
  -7.258  -24.556   27.475
  21.325  -20.162   41.306
 -18.447  -12.662   40.024
  10.396   21.062   -8.038
   5.931    2.297  -39.265
 -21.658   -9.641  -11.946
  14.035  -18.994  -24.277
 -15.105  -16.789    5.274
 -16.993  -11.921  -15.180
   1.161   -1.728    9.022
 -21.538   19.582    7.977
 -13.166  -13.504   -8.502
  10.345   13.462  -27.572
 -11.208  -10.784   -6.986
 -13.897  -24.333  -34.764
 -22.314    6.941   34.266
  -0.855  -22.319    4.540
  -0.178   -6.042   25.375
 -14.626   19.663  -29.748
  -6.874   16.386   25.007
  -0.079   24.843   29.893
 -13.345    7.015  -16.424
 -18.152    3.632   11.315
  -1.839   23.086   22.512
  -4.814    4.755  -22.756
  -2.141    8.585  -38.682
   8.583   21.841    6.377
   8.761    7.090   16.050
  -8.926   -3.735   -8.441
 -21.561  -11.842   20.940
 -18.587  -17.278  -33.548
   0.506    6.347   37.091
   2.633  -12.221  -33.467
  17.453   -6.236  -16.178
  14.554  -16.045   -0.161
   6.755  -14.261   13.761
  12.200   -9.717   11.150
  19.409    1.410   29.397
  -4.512   17.201   10.734
 -15.151  -22.579   16.422
  -6.652   -4.863    7.358
  -0.650  -13.102   -5.145
 -18.737   -3.175  -32.699
 -10.363   -8.392  -37.013
  -9.668   -9.965  -40.020
   0.040   18.187  -36.478
  -2.483    4.852    8.146
  18.861   -8.303  -39.591
 -23.666  -12.663  -33.757
   2.214  -24.302  -14.636
 -24.228   17.154  -21.504
  21.118  -12.291   24.407
 -15.462   21.912  -38.507
  23.364   17.964   40.831
 -14.635  -21.143  -41.326
  -9.445  -14.033  -14.440
  21.892   23.947    9.676
  -9.924  -17.065   16.484
  -0.225   -3.893  -41.339
  -0.498   -0.783   -8.617
  24.778    7.839  -18.523
  13.448    6.469   22.668
 -20.296  -17.383  -30.171
 -16.760  -16.091  -30.429
  15.214   17.774   -2.418
   4.880   13.937    1.365
  -7.122  -19.836  -26.371
 -20.713  -13.587   14.745
  -5.760  -14.018   -4.411
  17.533   13.371    9.686
   8.643    5.864    8.758
  23.623    2.691  -18.729
 -20.632  -13.225  -28.660
 -21.967    9.194   29.772
   0.395   -5.202  -38.084
   0.661  -19.506   32.075
 -14.661   18.001   21.309
   1.142  -12.379   34.830
  -1.482    4.253   34.993
  15.609   16.858  -36.734
  18.787   18.008    7.303
 -19.693   18.726  -20.691
  18.931  -20.717  -15.276
  12.723    7.630  -15.746
   2.590  -18.303   21.617
 -20.534   -6.342  -33.275
   3.636   16.411  -11.003
 -20.208    1.617  -35.435
  18.058  -13.651   21.858
  -2.469   -5.071   -6.353
   8.187   -9.268  -33.783
 -21.752    0.039  -25.046
 -17.559    9.695  -21.151
 -12.973    0.274   -4.928
 -18.505    2.617    3.647
  22.568    6.438   15.145
 -14.296  -10.333   14.031
 -19.713  -24.905  -33.381
 -24.796  -15.343  -31.851
  11.728   17.005  -29.364
  16.492  -20.413    8.471
  20.305   21.032   -3.222
  -1.352    2.288   38.843
 -13.973  -11.295   -4.928
  21.355  -12.800  -31.447
  -4.397   -2.153  -19.361
  24.716  -23.823  -32.647
  22.191  -22.725    9.068
   3.600    9.275  -12.246
   5.852    1.323  -36.039
  15.412  -14.420   24.746
  14.493    8.665    7.909
 -23.612  -20.189    6.115
  -8.867   15.004   -9.635
 -10.529   -3.427    7.114
  19.200   22.277  -16.451
  21.434   21.102    7.649
  22.113   12.226  -17.849
 -10.763  -20.552  -30.158
 -20.354  -17.906  -39.828
  13.317  -13.175   12.454
 -22.594    1.150  -17.928
   0.670   19.638  -31.424
  18.444  -22.473   22.361
   7.616   14.352   41.502
 -22.294    5.168  -22.583
  -9.978   24.372  -15.663
  -7.599    4.628   16.349
  10.705   -7.146  -10.647
  24.782    7.064   -6.975
  18.734  -17.984   -7.946
 -15.603    9.379    4.581
  -1.225    4.657   13.023
  12.147   10.791   37.783
  -9.925   -8.137   -3.455
  17.149   -0.556   40.466
 -20.078   11.197  -22.975
  -8.619   17.840   22.601
  14.412   -9.999   14.598
  -9.052   18.777  -34.561
  -9.936    6.082   -3.018
  14.630   -9.951  -34.569
   8.221  -17.962    8.540
   9.513  -19.520  -41.804
  -6.365   24.473   24.385
   9.570    9.941   -6.772
  19.495    1.739    6.983
  -2.231   11.761   35.124
  18.752    8.211   32.200
   2.752    6.383   13.896
  -6.551   24.884   42.138
 -22.055   -4.651  -41.031
 -16.973  -20.011  -15.322
  -6.313    3.085  -28.431
  19.673   -2.658    3.920
  -6.234    7.271  -30.621
 -20.526   10.218   32.700
 -22.467  -10.749   12.204
  -2.636   18.600  -30.827
 -11.684  -21.291    9.976
 -22.292   23.817  -17.192
  23.007    4.509    3.006
  13.299   22.081   -5.998
  16.064   -4.972   -9.365
  -9.742    4.251   32.872
   5.641   21.932  -24.991
  16.960  -11.972  -33.200
  22.572  -19.267  -23.581
 -18.264   -0.717  -38.568
  12.309   -6.826  -25.269
  -8.354   -2.810   -4.108
   5.571   -6.599   32.909
   2.633   23.268  -17.616
  21.511   23.738  -35.092
   0.038   -4.514   32.227
  13.195   16.600   18.994
  12.992    2.727  -29.568
  -1.859   15.369  -25.955
 -10.143    5.417   12.504
  10.495  -24.409   -2.515
 -14.928    4.558  -24.196
  23.740    8.334  -33.671
  10.015  -20.493  -12.026
 -20.781  -21.019  -16.482
 -24.756   13.501   22.406
  23.065   -6.234    6.442
 -18.155  -14.504    2.598
  16.760   23.856  -11.277
  -2.783  -10.450   -6.503
   7.664  -16.850  -20.723
 -12.737   23.518   27.594
  -0.712  -16.972   24.917
 -11.658   17.457   24.111
  22.096   24.844    5.455
  17.455  -24.875  -28.702
  12.377  -12.857   39.981
   3.584    4.143  -37.014
  -4.817   17.888  -28.252
  -8.995   -5.383   11.659
  18.884   22.635   39.051
  12.797   -5.567   11.078
  23.533    6.134  -36.627
  -4.006  -14.335  -29.235
 -12.199   19.494  -22.793
 -14.764   16.279  -30.563
  -9.327  -19.385  -35.151
  -2.901   15.116  -11.588
 -11.535    4.664   -7.440
  11.156   14.178  -13.667
  22.209   -1.323   39.902
 -12.700  -21.008    5.633
 -13.111  -22.906  -15.983
  19.282   11.078   -6.063
  -0.194  -10.570   -9.441
  11.297   -2.990    3.722
  -6.301   -5.448   41.374
   3.145  -16.773   33.423
  -5.852   -2.061   -9.322
 -15.895   22.536   -6.476
  22.693   15.948   15.369
 -12.305    0.742   17.788
  13.116  -20.551    6.288
   9.773  -21.591  -38.267
  16.343    8.565  -19.925
  -3.066   16.613   23.075
 -17.861   -8.108  -24.072
   8.705   -5.759    2.864
 -15.593  -17.348   26.674
 -19.289   -0.879   31.095
 -11.192  -13.687  -39.271
   9.899   -7.176   -3.769
 -12.158   22.459  -35.075
   8.230   -6.853  -22.018
  -1.828   14.173  -37.922
 -20.365   17.372   30.244
  -4.947  -22.017   -0.667
   7.417   -5.962   -1.078
 -19.926  -19.824  -28.168
  10.763  -10.731  -12.108
  -1.205    3.002   21.975
 -14.195    9.712  -11.578
  -1.107    8.588   13.118
  24.699    3.553   16.523
 -12.829   24.163    7.428
  -1.068  -22.336  -25.977
  -9.588   21.250   -5.002
  -8.385   18.162  -12.255
 -24.061   22.853   21.476
 -16.491  -23.497   -6.606
   2.331  -11.361  -36.692
   8.142  -21.915   36.923
  10.894  -13.954   10.225
 -13.782   22.087   -3.944
 -16.944  -10.585  -22.736
   1.262  -24.389  -28.883
  23.993  -11.427  -24.182
   9.933   20.479    1.579
   4.601    6.586    4.442
  21.995   21.672   12.550
  -8.082  -11.407   25.764
  -4.416   11.383  -29.247
  12.896    4.477  -39.823
  -5.967   -6.849   -8.418
 -10.393  -12.399    0.203
  23.778   15.141   35.757
 -15.004  -21.905  -12.465
   4.400    5.645   -6.005
  17.802   -0.513  -10.930
   9.870    7.016   19.982
  16.686  -11.329   27.756
  21.589   24.221   -9.822
  -3.990   13.305   18.425
  -6.150   21.746   32.853
  21.923    7.023   27.954
   7.068    0.573   -3.759
  -3.178   18.450  -11.348
   7.935   20.989   18.736
  19.420   -7.876    6.941
  19.701   -4.072   14.426
   5.269   16.349   40.142
 -18.124    4.116  -42.241
   4.326   -2.861    8.478
   5.453   -1.092   42.067
 -14.446  -16.896  -17.418
  24.983  -14.786   39.617
  18.810   18.258   29.895
  15.946   -3.463    9.352
  -8.679  -22.832  -13.293
  -9.036   20.952  -13.875
   2.755   14.442  -18.630
 -22.576   -1.083   41.675
   8.786   -5.306  -37.369
  14.949  -11.598  -25.972
 -13.599   -9.080   20.724
 -23.671   -6.959  -13.193
 -24.285   -4.963  -32.436
  19.882   24.184   23.268
  14.606  -16.989   -3.636
  17.973  -24.191   26.397
   4.423   12.166  -16.094
 -22.633   -4.919  -20.183
  11.103   14.269   11.358
 -19.345  -13.773  -40.822
  -2.318   22.067  -39.900
   4.924  -19.999  -11.924
 -21.515  -23.588    7.101
 -10.983   -5.489   19.705
 -20.863   -3.759   30.439
 -13.910    4.134   -1.719
   9.753   18.338  -36.692
  -9.687   -6.871  -12.627
 -15.252    3.484   27.576
  12.801    9.348   12.420
  13.533   17.370  -12.723
  -0.164   -4.986  -15.652
  -0.460   17.925  -13.282
 -11.771   11.592   22.618
 -11.048   15.738  -14.542
  -5.948   13.597   12.035
  10.101   19.888  -40.237
 -22.731   -1.314   31.392
  -4.276   -0.491  -37.493
  -9.347    1.513   -0.688
  16.175    4.135   13.817
 -11.650  -17.049   19.669
  21.549  -16.813  -14.796
   9.412    0.402  -24.103
   3.375    5.465  -32.479
   3.061   24.697   11.712
  -6.943   -6.710    3.210
  22.640   16.806    2.036
 -13.254    6.829    2.712
  10.476  -22.658   -8.142
   9.270   -1.658   41.522
  -1.386  -12.620  -13.615
  19.101   -9.394   -8.473
 -11.708   11.253  -40.899
 -20.370  -18.633   -3.447
  -5.967   16.600   29.673
  21.081   10.550   13.738
  -2.142  -13.954  -32.055
   6.319   -5.636   19.335
  -3.350   23.580   35.252
 -14.769  -18.900    7.967
  18.987   -3.082   38.476
 -13.269   17.775   14.243
  18.100  -12.619  -23.745
  24.097   21.027  -35.666
  -8.827  -14.609   33.788
  -9.501   -7.756  -24.573
 -24.078   24.943  -36.340
  -5.345   11.287  -10.759
 -13.306    9.585   11.895
  -6.824   -5.257  -20.782
  20.017   17.756   -4.740
 -24.386   -1.132  -38.318
  -5.162   16.288    6.989
  10.227   -7.423    6.545
  -6.304  -14.792   17.836
 -19.738   17.596  -24.379
  -4.136   19.327  -15.359
  21.861   -7.266   -4.334
 -11.162  -21.237   24.316
  -1.154   19.768   36.373
  -7.476   12.974   23.461
  -7.497   23.889  -10.639
   6.763    9.743   28.425
 -23.706    3.573  -15.021
 -22.819   -4.589    9.157
   2.776   -5.758  -40.519
  23.342    3.419   -4.776
   9.762  -24.652  -30.368
  22.383    5.315  -39.651
   1.704   -6.915   39.501
 -19.492   18.405  -16.073
  24.251  -11.195    4.870
  -4.656  -11.808  -25.659
  -4.803   22.515  -17.136
  10.427    3.925  -27.527
  10.439   13.791  -40.187
  16.717  -18.129   15.815
  -6.470   16.171  -35.518
   2.723   -2.912   40.369
  -1.694  -20.112   -9.815
   4.978    1.228  -22.849
  -1.406   -4.167   36.878
 -14.300  -14.259   14.793
  21.714   19.174   26.161
   3.988   -2.512   32.467
  23.376    6.980   11.612
 -20.946  -19.202  -10.983
   8.101    7.759   -4.393
  -2.929    0.637   30.080
  18.881   -3.685   26.916
 -17.153  -20.322   36.641
 -13.169  -14.809   21.796
  19.368   -1.748   12.100
 -23.704    1.444  -40.833
  -0.095    7.785   18.576
  24.284   15.289   25.385
  12.072  -15.469   33.879
  -2.895    2.634  -25.524
  -8.309   -7.418    6.420
   0.542  -21.333  -16.398
 -21.716    8.824  -20.324
  -4.698   21.339  -28.535
 -21.123    9.529  -35.033
 -16.007   12.138   -8.027
   5.575   -8.541   39.588
   9.866   23.704   -6.480
  -4.624    4.819   37.664
  21.456   12.103   -0.556
 -20.252   -2.037   35.796
  19.404  -23.262  -31.553
 -16.195  -13.412   -3.596
 -12.151  -23.132   26.857
   2.009   -0.720   12.656
  10.815    4.234    2.334
 -16.576   -6.255  -16.431
  10.686  -17.244   30.519
  23.628  -22.106  -36.087
  -6.940   -8.226  -37.876
  -8.031   11.718  -23.035
  21.498  -11.575  -27.112
 -19.769   -6.069  -22.340
   7.153   -8.210  -42.306
  23.665  -11.767  -40.144
  10.996   17.662  -24.323
 -15.350  -24.765  -24.626
  12.147    2.290   33.166
  -0.991   -0.332    1.554
  -6.572   -4.702  -27.379
 -24.595  -13.684    8.070
  -9.810   13.130  -35.046
  -9.424    0.393  -10.634
  -1.420   17.755   13.357
  -9.123   -8.785  -31.213
  18.188   11.175   30.352
 -23.079   12.107    8.776
 -11.791  -14.493   37.571
  11.712  -22.635   40.618
   7.722   12.657   18.071
 -14.892  -13.642  -37.131
  -9.160    4.570   36.486
  19.579    4.906   42.132
  15.351   -8.544    5.054
   5.166  -16.620   -3.182
  -6.183  -19.824   13.429
  12.296  -20.107  -36.035
  -9.327   23.202   25.854
  -9.690  -16.753  -28.832
  16.543   19.976   38.714
  -9.290  -16.057  -37.097
  14.914   15.736  -27.379
   4.455  -18.960   25.246
   2.395    3.853   12.159
 -23.873   11.579  -25.968
  12.329   24.140  -27.721
  20.966   -4.408    9.142
  -0.840  -10.956   19.530
 -18.996    4.453   -6.896
  13.866   -9.053   -3.474
  -1.012   21.647   -0.364
  12.482  -10.646   36.569
   3.049   21.632  -14.189
   8.501   17.760   -9.194
   0.755  -23.110  -32.679
  -2.387  -10.076   39.069
  11.148   22.642   30.193
 -24.049  -12.532   29.991
 -18.143   22.211  -31.285
 -12.087   19.439  -14.980
   3.175    9.608   28.562
   9.554   -6.811  -18.877
  16.272   -0.056  -13.703
  -8.740    9.233   -3.611
  -8.326    8.901   28.116
  18.801  -15.411   -5.693
 -19.985   22.195  -22.802
  -5.101  -12.446   10.526
   2.552  -10.616  -14.181
 -10.699    0.675   29.044
 -13.077    7.278  -19.830
 -23.330  -18.548  -25.187
 -21.383   -3.255   13.362
  -8.305  -23.749   -0.746
  17.221   13.748  -30.543
  -3.742   18.673   26.138
  24.942   22.224  -13.169
   9.133   10.463   31.740
 -18.238   -5.007   24.700
  21.358  -19.564   -0.772
   1.519   10.599   24.639
  -1.046   -7.929  -13.158
   7.472  -22.388   12.310
 -10.036   -9.853   31.904
   9.154    4.951   36.198
  10.874   -0.256   -5.968
  24.792    2.641   12.304
  13.084   11.860  -33.190
 -19.426   -5.588    6.014
  13.975  -11.016    2.465
 -19.925   14.730   11.429
  11.783   21.185  -20.747
  18.177  -19.231   29.961
  -3.153  -11.776    5.921
  10.196  -14.267   16.734
   1.869   15.368   -6.470
  19.584   23.930  -22.927
  13.470   17.277   11.265
  13.684   -7.936   22.935
 -21.598  -17.005   14.894
 -12.058   18.469  -27.683
 -11.947   14.481   27.158
  20.208   11.127   20.253
  14.936   -1.222   31.680
   0.216  -16.296   34.110
   6.793    4.011   16.499
   6.472    5.066    0.946
 -22.937   -7.013  -17.392
   1.708  -18.199  -20.875
   4.262  -20.018   34.228
  12.272   -6.453    3.102
   5.097  -23.317  -15.867
  -6.321   12.789  -37.360
 -16.197  -19.816  -38.215
  17.032  -10.861  -39.931
 -23.452   18.136   19.787
   0.735   -0.733   42.361
  10.691   22.165  -34.394
  22.463    8.656   39.632
 -22.085   -9.090   -6.169
  21.615   14.509   31.257
 -24.785  -18.909   -2.270
 -11.887   -4.401   25.246
   0.210  -22.553  -22.988
  21.545   22.926   42.312
  14.394   11.003  -20.434
   3.260  -10.684   39.934
   5.154   21.954   32.865
 -24.217  -18.816  -21.115
  23.499   -8.669   37.007
  13.655   15.201  -16.066
 -15.233    6.565   29.308
  15.268    3.215    7.392
  22.325  -10.759   -9.362
  15.998   14.491   35.953
  -0.032  -21.651    0.987
  19.523  -12.896  -42.064
   8.720   -1.287   33.569
 -24.086   23.244   16.085
  21.975   -5.254    2.225
  24.026   -1.162  -25.173
  24.320  -10.657   15.393
  14.308   11.116  -37.279
  21.064    9.426   16.722
   0.328  -15.159  -34.210
 -10.102  -13.252  -26.201
   5.885   -8.315  -37.545
  -4.899  -15.096  -36.617
   7.147   17.531   33.674
  -0.504   -4.014    3.630
  16.765  -18.462   11.899
 -11.371   24.740   10.803
  13.129    1.206  -10.531
 -15.755    3.358   23.977
  20.918  -12.250    2.004
  -5.539  -11.863  -22.430
   0.915  -17.392    5.624
 -20.690    1.189    6.876
  -5.846  -24.140   33.957
   4.121   10.060  -30.363
  -5.353   17.936   19.103
   1.413  -23.294   19.737
  -0.103   20.526  -27.851
 -22.806  -16.915   40.612
  13.457   -1.655   -3.936
  10.443   15.323   21.295
  12.824   -0.894   17.178
   2.745   -9.895  -19.762
 -14.983   12.293   -5.114
  -6.674   -9.321  -42.396
 -16.553   -7.027   32.979
 -22.232   -9.333  -31.327
  -3.808   15.817   -1.506
   1.834   17.769   23.571
  13.897   10.861   33.829
  20.844    9.150  -16.104
 -17.998   22.501   40.304
   2.312   10.520   17.775
   2.511   24.400  -25.919
  24.980  -23.294   34.981
  -6.243   24.282   12.715
 -24.805   -4.338  -25.743
 -12.216  -22.233  -10.954
 -15.433  -18.661   -7.678
 -20.010  -21.261  -19.621
   8.879   -0.077  -29.187
 -13.483    8.630   21.133
 -24.448   13.612  -41.696
 -15.798   18.991   33.806
  22.346  -18.331   20.670
  20.247   -3.888  -35.730
   6.347  -11.066  -35.682
  -2.043  -24.691   19.933
 -21.815   -5.590   27.030
  20.842   14.511   -4.217
   5.046    6.642  -41.295
  -1.328   10.896  -10.521
 -14.324  -14.960  -23.697
   0.733    0.779   31.360
 -19.142  -16.981   -6.739
  13.867   19.558    1.546
 -15.538   14.363    0.965
 -21.505  -16.086  -34.619
 -18.913  -17.672   42.132
 -18.672   16.649  -35.495
 -23.508  -16.567   -0.050
 -23.357   -0.016    9.710
 -21.812   16.736  -33.274
  19.276   16.230    3.529
   6.948    9.352   19.589
 -17.816    9.085  -28.968
 -10.114   -4.309  -17.463
 -17.650   16.246   -2.505
  -3.516  -22.770   16.508
  16.805    9.404  -15.277
  -7.732   16.252  -40.764
  -1.711   -8.201   29.449
   7.240  -18.502   36.514
  13.205  -20.231   14.728
  24.106    0.767   -8.770
   9.455  -24.344    6.527
 -15.374   -5.455   19.170
 -15.213    1.849    8.910
  14.873   -9.641   18.845
   2.152   12.401    6.564
  -2.366    2.246   -0.532
  -3.133   -5.252   39.672
 -10.025   -0.018   37.301
 -17.177   -3.811  -26.458
  -5.845   21.439   27.326
  12.814   20.855  -17.758
 -21.716  -20.727   37.302
  22.412    2.920    6.692
 -11.770  -19.574  -14.479
   4.874   -2.649  -12.521
   7.600    3.457  -31.768
   0.612   -8.131  -25.678
  -4.593    9.641   14.928
  22.665  -23.787  -38.850
 -20.266   24.116   30.650
   7.397   -4.530   23.022
   4.047  -24.702  -33.997
  18.637   17.929   40.807
  16.583   22.336   30.014
  -1.662   21.171   27.965
  16.636   -2.159   19.236
 -17.679   -5.100   40.405
   5.981   18.782  -18.076
  23.382   11.760  -42.327
  -8.334   20.404   17.660
 -15.148   -7.609   -9.959
 -24.221  -22.494    2.624
 -13.403   -9.917  -41.747
   6.728   -1.501   36.203
 -19.603    5.709   -4.063
   3.896   -5.991  -21.620
  18.419   19.716   25.114
  21.543   16.007  -35.862
  -5.869  -16.879   10.854
  -7.545  -16.271   30.243
  16.086  -15.425   10.348
  -4.271  -21.200  -12.632
 -22.927   21.082   -2.296
 -20.594  -14.283  -31.719
 -15.458    2.867  -29.302
  23.369   12.006  -14.258
   8.317  -19.520    5.292
  17.483  -10.433   40.905
  23.623   -3.777   41.948
  -6.231  -16.296  -40.504
 -22.742   -2.201  -22.408
   3.666  -14.312  -14.542
   9.603   -4.262   34.888
 -18.933  -11.154  -31.903
   8.904  -19.778  -29.923
   0.905  -23.728   41.323
  14.767   24.322  -36.169
  -6.254  -14.485   36.256
  -8.896   -9.979  -27.771
  -6.288   -6.965  -34.830
  -3.991  -21.410    4.692
  19.146   22.464   -7.191
 -22.138   13.329   36.750
   4.281   20.525   -8.958
 -24.423  -11.109  -20.511
  -6.605  -11.549   16.579
 -17.900   10.648   20.309
  -1.128   14.307    0.318
  21.888   15.336  -20.038
  23.682   24.231   -6.212
  -0.902  -20.176  -34.602
 -12.419   -5.030   36.373
  -3.742   22.546   41.827
  10.785   -8.580    0.551
  18.897   21.670  -19.771
  16.886  -22.958  -39.804
 -19.551  -10.311    9.689
  -6.271  -22.434   21.029
  14.541   12.123  -17.338
  -6.432   14.609  -25.979
  24.779   22.063    4.948
  10.840   19.685  -27.622
  11.805   16.005   -8.972
  -1.770   11.607  -34.704
 -22.414    1.950   26.135
  -4.253  -19.897  -28.601
  13.298   23.556   34.914
 -17.621   22.084  -25.589
 -23.886    4.930  -26.559
 -14.082   23.330   38.297
 -11.873   -9.450  -11.186
  13.499   -9.047  -38.337
  13.255  -23.300   20.848
  -7.825    8.261  -34.410
  -2.646  -12.588   16.983
  24.728   -8.231  -10.037
  -9.829    2.759   20.297
  -3.791    6.230   15.402
 -24.827   22.624   25.657
 -18.765   10.481  -10.161
  -6.757  -14.939  -11.148
 -19.411  -18.715   27.338
  14.463   13.976  -11.286
  -6.098   11.067   20.553
 -13.275  -12.258    9.552
  -8.508  -13.559   10.189
  22.071    5.272  -27.242
   2.534  -14.182   40.674
   4.870   16.762  -15.253
 -16.919   14.415   41.270
   8.444    6.017   27.245
 -23.947   -7.891    3.642
  14.308   13.218   10.045
  15.721    0.775   -4.400
 -14.002   12.442   19.556
  -0.279   -7.900   -5.865
   9.660    1.231  -33.558
 -13.822   -7.364  -18.155
 -12.248   20.724  -11.789
 -14.574   21.595   35.447
  13.679  -17.649    8.621
   6.852   -5.879    7.398
  -3.450   20.394  -36.363
   9.337   -6.855   11.876
 -21.885    2.885   11.926
   0.911  -12.908   28.190
 -16.265    7.085   12.629
  -5.011  -16.765   14.947
   1.585   22.295    6.924
 -15.355  -12.219  -30.249
   7.599   -3.066   17.158
  -3.303  -15.640  -24.864
 -11.915    9.058   15.790
 -14.651  -20.729  -24.928
   8.608  -11.887    0.022
  19.184   10.522  -24.431
   1.939   24.885   26.921
 -23.140   -2.761   -7.846
  16.691    9.552  -35.229
  24.492  -15.159   21.377
  17.609   21.842   10.716
  23.396  -24.904  -22.701
 -20.391   17.985   38.836
   7.513    1.456   30.113
  20.980    7.420   35.394
  14.812  -17.685   -8.989
  17.949  -22.991   11.430
  19.901    3.317   -3.913
  22.851  -17.642  -18.409
  -7.318   -0.782  -33.445
 -10.621   -7.815   28.401
  -9.058   19.525    8.275
  20.479  -13.863    9.327
   7.352   12.643   -4.168
   4.864    7.938   -3.604
  -2.669   20.593  -25.070
  17.809   12.012  -13.359
  18.891    1.069    3.189
  15.706   23.341  -16.639
 -24.733   10.706   11.658
  13.834   23.461   27.587
  10.781   23.645   18.316
 -15.297   15.641  -39.943
 -13.521   22.202  -31.983
 -20.852   -7.454   41.596
  -9.570    4.181    8.594
  15.099  -11.293   21.791
  -2.825   16.958  -36.171
   2.003   23.446  -31.362
  -0.157    1.880    6.883
  -8.950   -5.913   33.630
  -2.617   14.055   -3.939
  -4.261  -20.399   40.624
   2.901  -15.334   13.083
  -5.299   11.062  -19.505
   3.132   10.696   -6.688
  12.965  -18.767  -12.062
 -11.972  -13.508  -17.129
 -13.688    8.534  -23.193
 -12.854   -8.292    9.376
  20.503   -1.091   -6.946
  23.199   18.685   -2.699
   1.101  -24.873    0.292
 -10.911    8.252   30.795
 -16.740   11.342   40.078
 -11.393   -1.641   -7.470
  16.681    4.923   39.552
   1.442   -6.620    4.880
 -23.023  -15.635  -14.619
   8.109   -4.504  -32.291
 -18.065  -22.152   40.163
  -2.462  -22.765   38.017
   2.025   -7.894   17.219
 -17.443  -16.734  -10.156
   7.988   10.880  -27.901
   7.125  -14.370  -37.584
  -6.630   22.860  -39.877
  11.019    3.846   28.468
   8.320  -21.323   33.340
  -3.541  -19.481  -38.614
  17.254   14.676   16.772
 -17.626    3.949  -32.661
  13.570   -3.310   35.190
 -17.422   -2.545    9.908
  20.599  -21.116   26.706
  14.950  -20.889   -6.118
   8.557   24.956  -36.769
  -1.534   17.915  -17.193
 -10.848  -24.127   29.775
   6.332  -22.402  -32.443
  20.386   11.714  -30.232
  17.852  -19.888   -4.317
   0.696   12.976   -4.103
 -13.305   20.722    0.465
 -24.069    5.427   20.595
   5.725   16.329   -6.987
  13.100  -20.945   10.803
   8.480  -13.571   37.496
  19.552  -11.858   -2.974
 -16.915   21.893   10.148
 -12.283    7.890   41.124
  14.189   16.504   26.783
  17.980   -9.219  -22.136
  23.789   12.006  -36.339
 -15.526   -3.642  -13.329
  -7.583  -19.191  -16.874
  16.050   22.828   -3.717
   4.467   -1.844   18.438
   9.281  -17.068   22.685
 -22.357   16.503  -26.446
  -9.004  -22.562  -17.066
 -14.540   12.559   28.034
 -18.875   19.312  -29.047
  21.457  -24.660   -3.076
 -13.510  -20.773   36.164
   9.036   10.190  -38.881
 -19.057  -16.053   -2.022
   7.342   -3.648  -19.121
 -11.209   -1.768  -27.398
   0.633    7.254  -40.779
   2.840  -13.154   -1.678
 -10.001   21.602  -30.494
   4.508   16.112  -30.897
  19.031    6.086    3.105
 -17.369    8.381  -36.443
 -24.953  -10.501  -36.802
   4.306    1.057   32.153
 -23.439   23.857   -3.669
   4.423   -1.330   -3.883
 -14.723   24.045  -41.885
  12.553    2.052   14.501
  12.593  -21.013  -27.597
  -8.085    4.627  -25.420
   6.555  -19.197   21.894
 -22.374   21.316   30.556
  22.485    8.512    0.775
  -8.146   23.625  -27.204
  21.271   23.136   36.122
 -23.341    4.759  -18.343
 -16.943    0.830    6.279
  -4.561    0.961  -12.343
 -12.620   -5.725  -14.797
 -16.744    5.466    0.615
   5.088   17.969   14.399
   9.191   20.379   15.181
 -19.738   12.364  -36.586
  19.441  -23.881   35.657
   2.035  -22.324   13.045
  -8.974   11.887   -7.247
  19.282   11.070   39.837
  17.444   -2.231  -33.761
 -12.396  -24.559   18.101
   6.241   21.870   37.157
 -12.467  -11.195  -37.056
  22.587   12.830   -6.899
  -6.430    2.040   -6.270
  -3.948  -12.709  -18.964
  -1.999   -5.617    0.556
  -1.813  -10.055  -22.902
   9.031   10.806   41.791
 -21.744    2.429   16.153
 -13.968  -15.856   -4.844
   3.188   -5.649   34.743
  15.569    7.833   -7.657
  17.360   21.551   22.620
 -15.265   -3.962   34.500
  14.045   20.206   23.444
   4.190   20.537  -20.793
  -3.817    4.685   32.404
  -7.855   18.166   13.681
   4.820    4.392   29.736
  19.828    2.181   -0.190
   9.267    1.763  -39.140
  -9.848  -19.156   38.097
 -21.990    9.579   -3.901
   6.672  -22.613  -10.725
  14.620   20.303  -35.322
  15.694  -20.917   18.966
  11.711    1.077   22.541
  14.514    6.696   -1.007
   9.148  -19.137  -34.155
   0.422    0.827   23.821
  -1.265   16.834    2.851
 -13.047  -18.798   29.875
  15.892   17.920  -22.671
  -8.007   -9.132   38.596
  -9.649   -8.327    2.073
   6.854   10.728   -0.611
  -6.236    8.188   35.154
 -12.762   15.339   -8.143
 -14.794  -22.487  -20.943
  -7.988   -1.192  -27.371
  21.123    8.771  -41.498
 -12.719   24.055   24.494
 -19.475    7.191   10.269
 -21.333   12.193  -18.822
 -16.397  -20.602   14.138
  21.406  -20.395   -9.026
 -22.412   -2.093   -2.743
   8.526    6.120  -17.256
 -16.873   15.121   10.475
  -7.304  -10.214   -0.152
  -3.943    1.319    2.330
  -6.788   14.494   -2.451
  -4.923    6.757   -1.445
 -12.398    2.862  -14.905
  10.592   18.831   19.311
  19.742   -9.980  -34.114
  12.806   23.579    6.931
   1.432  -23.188   -7.703
  20.918  -23.463   -7.316
   1.571    6.922  -16.380
 -15.607   -3.006   21.960
  -2.269    5.946  -16.303
  15.937   13.549  -34.465
   2.523   17.732   -1.393
  13.947   24.565   40.838
   4.767   12.304   26.538
  -3.937   -3.114    3.097
  -1.286  -24.044   26.448
  21.216  -24.324    0.207
  10.084  -10.426    3.001
   3.238  -13.526   21.946
 -23.725   -1.396  -30.854
  -1.117  -16.739   14.548
  20.640    9.839    4.125
 -11.907   -3.140  -24.324
  -2.592    2.752  -14.859
  22.633   19.414   18.570
  18.634  -20.177   39.523
 -18.899   20.744   -2.822
  15.606   22.424    3.130
 -20.843   23.355  -36.329
 -13.251  -14.346   31.352
   6.501  -19.435  -22.966
 -12.530   -5.316  -36.165
 -23.018   16.819    2.379
  -4.274    6.718   -4.807
  -1.231  -20.341   24.779
   1.465   -5.360    8.312
 -18.928  -12.553  -25.838
  23.187    9.602  -21.707
 -20.389  -19.512  -24.322
  16.162   16.267  -32.627
  19.233    7.634   39.721
   6.148   -4.993  -28.157
  13.453  -14.474  -35.032
  -1.705  -17.468  -31.889
   4.452    4.009  -11.471
  14.281   -2.307   39.166
  15.402   -0.521   22.034
  17.770  -21.281  -25.343
   6.194   21.994   22.154
  -3.782    7.728    5.040
 -20.194   -7.274   19.768
  14.030    3.226   -7.037
  -7.956   11.615  -32.485
  24.771   14.246   39.553
  18.723  -17.397    9.217
 -11.192   -3.702   16.144
   0.246   19.555   17.844
  12.258  -23.643  -36.150
 -17.958   -4.951   28.827
 -17.060   14.077  -37.447
  14.674    6.565   19.286
  20.890   18.748  -33.938
  11.800   -2.374   31.556
  10.247   12.313   35.683
  -5.763   20.459  -12.745
 -13.028   12.061    2.322
  12.405    6.142    9.978
   8.289   21.016   31.103
  23.560  -20.843  -17.135
   7.603   22.263   -8.973
   8.803    3.980  -35.644
   8.238    1.810   -9.132
  12.658    1.898   -2.247
   5.385  -16.252   38.542
  23.677  -16.935  -37.631
  12.137   -6.576   35.178
 -22.151   20.068  -38.335
  -4.566  -15.341   21.187
   7.703   12.596  -17.251
 -15.453   23.023   20.364
  19.930  -13.907  -19.036
  -5.526  -11.790  -38.397
  17.846    7.072   17.195
   5.114  -20.576   -2.543
   0.798   14.538   35.518
  14.719   -2.552  -42.038
 -12.287   16.110    6.047
  -7.793  -23.504  -32.762
   4.019  -11.964   14.000
  15.492  -18.582   22.367
  19.044   -6.773   42.133
   7.211  -14.607   29.421
  -6.499   -9.642   34.706
  12.575   23.221   15.161
 -14.210    9.775   37.591
   0.481   -2.189   30.168
 -19.336  -18.543   30.637
 -16.233   -8.012   12.169
  16.970   13.457   19.775
   6.218   13.044  -19.835
   0.812    5.659   23.620
 -15.808   18.962    7.488
  22.811   -4.340   38.253
 -16.558   19.199  -14.119
   7.145    7.042  -29.264
  16.692   10.138   18.438
  -2.635  -14.738   27.458
 -10.413    4.999    1.637
   5.549    6.420   39.732
   6.782   12.852  -30.637
  -9.173  -12.497  -22.764
  -2.424   21.022   33.003
   0.859   -8.650   33.029
  -9.959    6.056    5.537
  13.475   -7.081  -41.573
 -18.075   15.580   25.694
 -19.168   19.697   27.999
  21.855   11.730  -10.357
  14.520    7.621   31.994
 -17.758    7.357   33.478
  10.589  -22.191   25.172
   0.733    3.720   -6.031
 -16.875   24.162   31.421
  -4.497   14.961    2.645
 -23.004   10.865   39.593
 -15.865   13.980    6.382
   4.753   10.293   23.509
  16.830  -15.906  -33.016
  24.297    8.180   33.663
   7.785   -9.764  -19.718
 -21.946   17.499   27.260
  24.940   19.373   -6.945
  -3.137   -7.136  -37.765
   3.485    3.692   21.095
 -18.075   22.132  -40.269
  -7.815  -13.115   -1.856
   4.394   20.464   19.450
  18.544   -1.833   -3.805
   5.181    1.167   -7.971
  16.197  -14.062   41.951
  12.730  -16.692   17.080
  15.095  -19.670  -39.336
  -1.278   18.599   -2.716
  -1.497  -24.904  -15.913
   9.742  -13.484   31.936
  14.631   18.432   -9.237
  15.013   11.888  -25.398
  -9.628   24.904   13.837
   7.022   -8.509   -7.147
   4.394    7.384   10.151
  23.486   -2.109  -15.074
  19.181   -5.970  -19.834
 -15.520   14.382   34.887
  13.445   10.398   41.008
  22.165  -10.164   42.253
 -13.305   23.523  -15.000
 -23.254   20.700   13.732
  -9.701   -7.022   -7.062
  15.488   19.203    9.068
 -14.524   -8.831   -6.656
  -6.523    3.857   41.978
   3.105  -21.187  -34.686
  15.697    3.131   18.193
  18.729   -6.193   -6.366
 -23.802   -6.983   40.173
  -3.323  -21.318   11.896
 -13.614  -11.187   -0.101
 -15.335  -11.608  -10.814
  15.094  -24.646   32.365
  -3.949  -21.278   31.283
  17.828  -13.552   39.246
   6.197   22.634  -35.814
   6.803  -10.113    6.988
  19.559  -24.561  -17.290
  21.809   18.240  -23.285
  -1.523  -12.889    9.250
  21.939   -1.818  -32.369
  17.102    1.476   -8.432
  -8.575   -5.722   37.882
  14.147  -20.744   33.269
  -4.368   -8.182  -12.387
   0.870  -14.327  -25.783
  19.703   -1.480   16.891
 -18.062   11.436  -33.640
   4.319  -15.130   -8.941
  11.803    0.427  -26.409
  24.180  -24.123  -29.207
  24.963  -19.923   34.056
  13.850   -5.016   26.948
  -8.967    2.785   -4.037
 -19.524   -7.416   30.902
 -16.033   20.672   16.646
 -15.123  -15.476   -0.257
  20.899  -21.401   32.861
  22.690   17.937  -10.329
  -3.161   11.360   27.175
  20.330  -15.149   26.320
   9.531  -23.040  -27.161
  15.858    9.432   14.661
 -13.682   13.822   10.417
 -21.122   16.142   34.684
  17.507    9.324  -10.831
  -1.605   -6.574   19.240
  -9.732   -0.471   22.926
  11.106   11.503   28.580
 -18.687   14.455  -24.964
  15.874    5.908    9.726
  15.814  -23.319   -9.178
  23.634  -24.508  -19.252
 -18.429    2.763  -10.589
 -12.085  -23.833  -42.209
 -23.717   -0.285  -10.800
 -10.064   10.671   40.435
 -23.755  -17.681  -28.840
  15.873   12.851   -2.330
  -3.285   -2.106   13.436
  18.119   13.966  -36.761
 -16.697  -23.579   20.345
   3.123   -8.345   -8.923
  -4.709   18.150  -38.987
  21.169  -22.055    5.942
 -20.123   22.289    6.626
  23.287   -9.341  -14.838
   1.649  -20.048   -9.140
  20.750    2.982   33.747
 -19.532   -1.015   -6.899
   9.595    8.179    5.704
 -19.244    5.889   36.305
 -23.327    5.842   31.338
   2.815   13.536   37.968
   6.590   15.289   13.622
  16.079    2.807   -0.251
  -4.854   14.587  -22.693
  22.839   -9.456    7.348
 -11.748   22.662    2.679
  -6.012   -8.291  -26.414
  15.836  -16.309  -13.218
 -24.355  -21.433    9.532
 -16.800  -11.988   32.001
  -1.519  -21.544   28.933
   2.107    2.856  -20.965
 -17.216  -22.140    0.790
   5.702   -5.403   37.776
   7.621   23.403    0.943
   0.406  -24.321  -40.374
  11.507   -4.051   22.874
  -3.243   -4.965  -20.789
  -9.033    2.767   23.951
  -6.419  -16.392  -20.636
  20.984  -23.943   16.851
 -10.438    8.175  -30.397
 -21.878  -14.889   -6.454
   6.616   20.825    3.096
 -16.422   -1.878   32.465
  -9.441  -19.880  -10.785
  15.307   18.068  -29.508
 -16.952  -19.345   -3.507
  -6.985  -16.282  -27.150
   0.242   16.216    5.949
  -3.182   10.319    3.231
 -21.031  -13.857    5.922
   5.999   22.518   11.832
  -6.137  -10.863   -5.597
  10.099    5.988   32.460
  -4.087  -10.146   -1.867
 -24.392   18.104  -36.708
 -11.403  -11.081   -2.867
  20.969  -17.187  -40.461
   8.560   21.032  -19.245
  -5.391   20.327   23.403
 -11.921   11.954    6.885
  14.001  -10.879  -42.103
  13.041    8.321  -10.213
  -9.188   -2.571   19.305
  17.277   -7.132   26.779
   1.154   -2.983  -10.764
   0.057  -16.138   -8.975
  22.147  -16.563  -21.748
 -17.016   -9.392   39.149
  -2.796   -8.384   32.536
