25.761104 -12.313218 -12.245308
9.961791 26.219605 -11.702642
-17.843557 5.939251 5.834182
-14.464511 20.024373 -33.802852
2.390904 -18.095448 -0.448803
23.704737 2.866967 21.915393
-2.301040 23.696181 -31.970336
24.795070 -25.167632 -14.113538
11.519327 7.074271 -3.238247
8.765873 10.567673 2.602571
-19.866889 1.629618 -21.118047
-6.624226 12.483264 43.325033
-14.749761 18.531512 -37.907496
-17.321654 -4.450022 -8.330966
-12.754377 -1.311609 -39.734456
-2.148111 23.024111 9.259701
6.788910 -8.425907 28.776811
-10.547244 -17.007299 -25.010696
22.641617 25.061332 26.922739
5.841903 -21.614812 0.788050
-0.949567 -19.672308 -42.760649
26.499022 -24.525251 -0.906053
-6.598875 25.072258 8.086180
-1.007054 -21.261893 18.473842
-18.878867 19.455834 -37.907962
16.875155 -2.547901 -6.531401
-13.902087 12.603251 -24.574880
25.665265 2.983858 26.387043
9.396839 -24.181709 -33.950908
10.775650 -0.667805 -1.251595
19.847859 13.478927 -26.779360
-21.011240 -19.226559 11.172368
2.225641 19.650988 43.175456
-15.620932 10.274059 0.537742
-5.150499 0.750450 8.445504
2.504244 12.575813 0.645749
-15.691053 25.286484 -28.400041
-8.622747 22.193605 36.201429
-24.296042 19.760297 -28.532346
0.845960 22.579364 32.302607
-5.556953 0.765380 -23.924703
-4.498716 -8.337268 20.407288
5.804238 -17.019537 -27.560146
24.449305 4.134543 18.000596
26.461663 -1.937203 -0.231975
24.348969 -11.974837 -35.523197
-5.683342 5.831883 28.443854
18.830517 8.362188 27.505096
17.914229 -16.304065 19.857788
-7.517391 -23.360728 39.166548
23.436777 12.714829 -24.997512
8.752339 14.655747 -33.542919
2.287138 -6.294700 21.126181
10.171737 -3.065718 -21.314061
-4.462570 -21.966017 -6.593439
9.671828 25.773077 -15.920731
8.447516 -7.208343 -27.763647
-0.719078 0.115219 -40.249451
-1.942244 -7.074609 22.034769
-2.252476 7.304539 26.085524
-25.124007 6.252228 -4.167992
0.381269 -10.249693 -2.793177
-2.149588 -14.605693 36.719703
10.352277 -10.953573 19.207794
-15.363205 -5.467317 7.160083
-10.814910 17.386341 43.879875
18.983664 -23.609572 32.642551
-21.311244 -23.856592 20.476811
-25.506169 4.881829 37.750842
-20.467110 22.159577 -17.804278
-10.167806 -8.802145 19.129442
15.744159 -8.112331 -18.879171
12.439441 14.496153 -23.473596
-18.017715 13.442952 -29.558885
18.160390 4.487118 -34.497407
15.942675 19.380135 -15.729500
-5.572123 -2.182130 10.621842
-16.271371 -1.784239 -43.084624
13.104277 -2.917726 -12.792944
21.539364 -4.252490 32.925437
-9.778927 -17.034930 -20.681950
11.633615 -13.426692 -9.234458
-3.552145 10.117000 -23.985005
8.086718 17.653401 -20.960294
19.865203 6.350491 -12.729799
13.190945 -3.405642 0.879069
3.578721 -18.355750 -5.320665
-21.232393 14.967860 22.985013
-23.636727 1.416956 19.474939
5.986588 -26.596671 9.782599
20.842491 16.103896 18.416446
19.994639 -17.001108 3.028529
20.667270 7.014112 -23.383355
-19.879084 -13.855809 -21.465000
12.228419 -23.419844 36.017542
-20.231671 12.325181 -3.026835
19.000456 -11.285113 16.524473
19.435486 -9.436279 20.840990
-13.589273 -24.424426 -4.147953
-2.373880 -20.237958 35.892937
-13.882920 3.533513 -32.669392
2.485925 0.014433 -31.535625
-2.399019 25.090892 -20.305667
26.396690 -20.923530 -39.551380
7.127625 -1.806409 -40.627597
24.350260 -22.569715 1.557828
17.254306 -16.965491 6.875442
15.526412 -24.293708 -20.984338
6.633855 -11.713113 22.158671
23.502587 -21.518800 -4.479253
21.359006 -21.294433 -29.024537
1.075315 2.951067 -41.190272
8.523282 0.074626 14.915656
8.412420 11.805689 8.472653
-6.772675 -7.941798 30.584161
5.838615 -20.107835 29.463091
10.234982 -9.792071 -41.666925
16.123529 -2.758658 -26.190689
0.279913 -4.139513 -1.183763
-9.747416 14.811290 19.378561
4.885521 -23.829318 -38.283824
0.948876 20.988410 -5.365261
-12.602640 -25.343484 35.089937
2.816625 16.843177 18.206102
-15.539620 -19.017571 34.333982
21.460115 -4.242313 19.705218
-24.893593 0.392287 14.211171
9.497246 -11.338437 27.286088
-1.163976 -0.965683 -13.286368
-17.822448 25.574895 -20.364535
3.275311 -7.221456 -12.198682
-12.708577 -18.817021 -21.261593
23.514885 5.087032 -1.462792
12.811164 -22.190829 -33.024536
15.147899 3.601596 30.513798
1.882205 7.873071 0.512973
-8.993394 -23.461658 35.485309
0.237988 1.550368 28.265100
22.520328 -19.139378 5.794559
-23.461904 26.155035 -12.913415
-3.388382 9.854222 9.375248
18.768322 -13.081554 1.125317
9.292778 17.936883 -16.708155
3.449838 -22.936021 -11.053893
-11.439155 26.047650 -10.995906
14.565749 -18.421943 29.829624
3.546103 26.049519 -4.964570
7.593153 -13.959122 19.573701
-0.823092 11.270245 16.108166
-10.764021 14.653052 -24.052503
-2.573155 -19.918300 -24.998214
16.920732 -9.668256 -5.401318
14.978583 6.884703 4.997841
-26.699284 -21.749980 -27.619357
-10.160010 -22.184898 19.851788
-19.623869 14.049806 -10.689918
5.902570 -24.447071 5.119091
16.579342 15.712341 1.785086
-1.627548 -10.830965 30.450441
-26.977089 -9.962657 -16.919820
-5.969103 26.634560 -15.208635
18.386928 -9.918402 24.193348
-0.707129 9.632316 -21.423519
-16.134871 7.255119 39.088083
-17.128992 -6.035439 -30.436346
-1.000920 -13.991705 -22.042205
6.567559 -24.996716 30.456180
19.336920 18.956367 2.202407
-9.468919 -22.114352 16.233996
-7.039307 14.080293 -33.466188
-13.113172 -6.289669 31.826646
-9.789805 21.740604 -9.883946
-0.781073 9.488915 -1.924941
-10.690307 -23.527789 41.887268
-0.443421 3.366161 -11.146736
12.252424 24.232083 -1.115683
18.150468 5.782408 -27.082419
-25.094403 -14.177505 -18.332445
6.403606 16.089242 21.742764
-18.668704 17.086242 4.252213
-6.060120 -12.380901 -15.744335
12.595881 17.982958 -33.801024
-12.417700 20.462247 -6.012468
-19.027283 4.614422 -17.409312
7.152808 18.137612 1.329318
-25.871839 -12.323252 24.117213
2.932759 -20.144680 15.040616
-13.013554 14.392488 23.303390
-4.587428 -1.727332 -41.842003
13.108515 12.059332 25.387356
-4.588940 -9.848912 -34.280621
14.810277 -20.200752 -19.808725
-0.635342 -18.216550 -6.139915
-6.649835 15.463796 21.597074
10.460681 4.625152 -31.554831
22.140345 -12.591149 -15.198631
16.083528 -23.211938 -17.435784
-13.519810 -0.977216 -15.065297
-18.853979 10.676007 26.436143
16.334319 18.912616 4.507635
4.425582 20.850006 24.729138
9.003589 -15.741156 -16.161136
-21.558245 -9.278864 -41.084826
6.420835 10.671453 5.582385
11.414311 7.490770 29.746599
10.303658 -19.569069 11.636943
-1.307334 13.197539 12.151897
21.556433 -25.815363 -35.346331
19.545488 -7.227571 36.057651
13.607402 -20.421024 -1.026945
-7.375130 -25.629841 -40.424218
-11.587887 5.535274 18.420367
20.369130 -19.862198 -17.913373
22.766544 -0.693743 14.195373
-0.551801 20.103347 20.950606
3.610596 -8.853316 9.057319
-4.357857 -12.831572 41.177003
0.946851 23.578716 -44.458079
12.033309 -3.964599 -8.641559
22.972943 4.774102 10.829631
-3.998941 17.459397 -22.891562
2.103827 11.383216 12.992531
7.977282 6.748060 23.809035
-7.536207 8.431900 1.106106
-23.407625 7.518948 -15.307702
-14.527590 16.964700 26.047723
-10.278893 -1.047482 3.646226
-17.771392 18.194707 13.031298
-17.694583 -13.309533 11.058630
-24.896590 -12.180859 0.614526
12.231356 -20.737426 27.199484
9.051921 -7.441980 15.965865
-2.986218 -24.819977 -38.800292
11.952322 14.713599 -36.555836
11.036459 -2.534373 -16.186409
-16.120223 -24.779295 11.721191
22.027419 12.770723 16.813069
19.925032 19.763630 -42.593078
-1.865681 -18.946885 -15.635871
1.744465 -14.360854 29.737234
20.253808 -16.005944 16.222869
-24.264517 -22.399579 -12.794977
3.906088 -16.772946 -24.359642
-15.247059 -14.617357 35.343611
11.095823 10.027147 17.750648
26.101972 15.615887 -26.603188
-9.933485 -2.107789 -15.285629
-16.385557 21.617567 -22.567966
12.878965 -23.212051 -43.254372
24.494317 23.022847 -1.075787
17.392510 -6.035511 1.128760
-21.919166 18.813372 -5.032354
1.384460 10.250361 35.558646
-13.489406 17.663258 30.194277
-13.182320 -4.092615 28.441162
-17.200478 7.683430 21.916507
-15.937864 2.493909 -8.842585
18.772930 -6.482051 11.452859
19.115108 -16.829037 41.535822
6.687840 -3.126665 13.345716
5.875703 -10.904066 -2.538516
-18.178050 -25.098228 37.281992
8.983051 15.414892 15.691781
0.024623 4.133645 16.493163
5.764008 -6.483277 11.235512
6.774636 -2.909127 -4.305235
8.167790 -16.587661 -12.105218
2.551386 -2.487437 -7.682593
17.108990 22.382470 44.302205
-21.542526 -15.159483 -26.338225
18.712315 -22.115823 -10.646466
-5.370225 19.874380 -9.152868
23.721597 -9.935212 1.073028
5.320373 -17.706465 3.303800
-18.956633 28.702023 -27.023337
21.323275 -8.122926 28.892990
8.224284 4.407013 -2.504049
-5.880841 -21.444976 35.930258
-15.020301 16.149532 -1.290108
13.737937 7.296178 -44.230070
-8.533798 9.816476 -11.660407
6.435873 8.968180 35.110041
0.816606 -22.651373 -38.893405
3.425511 -15.468668 -30.451165
23.082764 6.873918 22.477550
22.578556 1.014388 -21.702473
-23.256834 25.598991 5.670675
-1.205983 -19.342447 14.479918
-20.857602 12.737279 40.787347
16.074686 -23.702611 41.746502
-2.292909 -26.142996 12.402979
-12.935498 -5.225682 -39.582437
18.857067 -13.103918 34.216269
-23.239037 7.871260 -27.227286
0.514204 -4.351050 -5.304859
-12.683337 -13.245010 25.386234
-5.416718 15.191289 40.340508
2.438175 2.023859 36.458654
-11.406261 20.325901 -19.801109
-21.720884 6.366621 2.310376
8.468240 0.033013 19.190538
19.150691 18.046606 -19.987358
13.135396 12.128248 -9.056892
-24.021443 25.785574 41.024407
19.230102 23.658005 -38.325709
-18.489257 8.493565 -15.995724
-22.578737 -9.162783 23.477128
-4.823022 -3.217163 -23.695244
-16.470392 -1.686950 -18.482713
-11.383595 6.437043 -27.456760
2.955226 23.263461 39.030428
0.824947 -17.120023 39.670148
-0.080515 -17.535057 30.495984
-7.672383 -23.953579 -29.346678
-1.300539 -12.153446 1.105282
10.988319 -18.623970 1.484772
-1.115874 -22.563023 -29.002463
14.753694 8.725152 26.441435
-25.071850 -10.999657 -12.298502
9.047577 -19.766913 -16.638974
15.962745 20.449099 -26.050231
-4.392154 21.743672 2.280729
-9.502680 24.495112 -20.899661
12.579177 -13.114444 28.869039
4.219917 -11.437380 29.845210
8.989553 -18.828441 26.629403
18.079903 22.195007 -28.553708
9.284347 17.372281 4.240092
13.811018 1.505313 0.643054
-8.604459 17.222870 -25.999877
1.610630 22.305310 -22.183657
18.214338 13.997279 -16.947973
-9.520820 -4.673450 2.567156
5.457230 -3.178496 -22.460293
5.729785 8.003141 16.274128
5.353616 -7.915940 24.548391
11.372655 3.754062 17.529310
-16.638152 0.083476 -33.687166
1.523601 -18.355156 -16.346167
-6.883206 -1.602719 -17.684325
18.913155 5.222521 -9.696524
6.913957 -8.478788 -13.503016
9.595531 -15.049610 -28.006149
-23.151731 6.663772 8.213937
22.546895 1.145289 -15.243159
-17.397590 15.106311 -6.951344
-13.350417 24.161719 -21.744485
12.580284 7.198495 -23.444749
10.364418 -1.517501 -37.363945
-3.839937 -23.260787 -20.829117
-21.786582 -5.423969 -25.843044
-25.577859 17.699921 32.316388
-4.719126 -3.163614 17.268960
-12.609718 5.821994 22.328721
-3.838873 0.130202 42.371519
2.546931 17.550790 -16.681103
-8.168606 -14.484631 24.391856
22.638299 -14.778120 5.617128
9.716705 -1.995324 -12.216870
15.598349 5.845453 -31.185895
-24.283308 -13.900233 35.900679
-2.765359 12.796907 31.476263
-5.961058 -1.448843 38.203088
-24.216687 12.652126 33.033333
0.749053 17.365652 31.992464
-3.729296 11.942705 23.202534
-10.202897 25.191991 -41.917089
15.933313 -18.538331 26.586500
4.722007 -14.825049 0.624295
20.367728 -24.888079 29.063038
-20.855486 -14.623153 10.520123
-16.779435 -9.559259 28.903912
-3.471484 4.052046 -41.226394
1.480346 24.917072 2.395502
12.374134 2.854804 -23.842046
-3.094885 -2.575790 -1.690531
-3.401223 -1.409623 -16.799638
6.624997 -5.850517 -10.526361
15.098112 -3.503508 -16.944631
-12.464984 -19.235204 -2.035405
21.590994 21.001744 3.828257
-5.353228 -16.354711 42.786898
5.158859 -12.349476 25.402810
-13.642506 -11.630668 28.286509
-24.744040 -8.714536 6.137738
14.902591 -0.754284 3.896822
15.555915 3.839641 -21.859252
21.320693 -5.956704 -25.344733
23.756085 -0.544656 -38.307746
2.508841 -22.406701 -24.512038
11.103293 -15.065579 -41.985524
24.330187 -18.196740 37.702746
10.649335 -6.186931 38.040491
-19.578391 -11.400275 -5.117164
-0.578404 -0.671572 -4.679419
10.465889 -4.014425 -27.691056
-13.129930 6.668450 -40.723841
-23.313551 24.760793 -7.727470
-23.550248 -8.808690 -26.973869
-6.615903 -18.872190 -30.996167
-9.762274 -4.915607 -34.195232
21.756576 8.516668 -7.873769
10.977606 -24.808405 10.309732
-20.792485 -5.882867 -39.784282
10.394025 -26.934810 -23.155130
-22.236610 5.561870 27.199634
6.516816 8.173543 -23.370515
11.353890 -20.221062 21.084319
10.719287 -14.230073 -19.923312
0.569835 1.768555 19.646011
17.404502 -23.240915 -1.770681
-24.080153 6.855777 13.437083
-13.908951 5.069240 -11.418537
-20.270512 -19.910643 -0.493311
-15.325479 -18.050534 -35.225093
5.055462 0.424041 23.909851
0.879667 3.216693 -34.069470
-18.070692 13.552683 -14.428621
8.187098 5.644108 -9.511512
9.584499 21.452462 -1.794978
1.532868 7.587597 42.488731
25.836079 12.703860 -31.288846
9.345058 -17.805872 -24.800808
-24.936403 -24.484844 13.920431
4.752129 1.460040 12.628019
21.674506 5.337036 -19.472183
11.916836 -15.187513 -12.784915
-6.245603 1.484953 -14.957230
18.366586 -10.335810 9.880111
-5.403502 23.385959 5.348823
-13.688178 6.740175 -4.782863
23.177689 26.402383 39.673610
16.877988 -16.317730 33.071926
-7.311802 -21.485958 27.923312
-14.955412 -16.336569 -32.176315
0.283508 1.032854 -17.783428
-4.624680 -14.237723 6.579058
13.007571 16.030525 5.651901
-12.150298 22.088666 19.642243
-25.137162 5.858271 -42.082438
-6.596691 6.230328 -12.857858
-13.035652 3.171170 36.331895
-10.344962 15.706197 11.202646
-13.996880 -1.815903 7.764308
-1.276833 -3.629207 22.243767
-8.158268 0.873568 -40.515792
-3.678186 -10.180572 44.339843
16.965526 -2.785708 -37.174611
-10.112813 -14.039653 18.187133
-27.915662 -14.577400 26.887843
6.256898 26.118735 -21.814324
-18.551580 -11.810124 36.655397
8.650253 7.624979 -20.248382
20.053750 17.990478 -16.138097
3.992036 -22.097673 -6.585410
7.098620 16.176031 -40.383180
8.924109 -5.097500 -14.364383
3.774037 25.322193 -39.540925
-18.875742 13.643919 31.953291
-23.266942 -23.716749 -2.411842
-10.099491 11.485754 18.429355
12.995428 -25.203542 -6.348089
-11.354683 4.034885 41.020164
-10.124360 16.192657 -18.020220
13.126981 12.463475 13.365749
24.256253 -13.621599 -1.276401
14.794587 -0.224056 -40.821114
7.058009 -1.814891 1.669682
8.051733 -10.041555 35.319305
0.756050 -18.086683 -12.757770
-26.198735 1.880386 -20.944360
14.517094 18.028509 42.373140
20.769532 -4.724074 -1.029433
-22.119215 9.697302 14.738225
19.921047 11.503478 5.691843
-7.691669 2.068591 39.254391
-5.565642 -8.235826 -18.573744
12.810271 8.475273 -19.055156
-24.825622 -20.034182 44.656335
-14.948677 14.309211 -33.296777
-2.598734 -1.585753 -28.422505
-1.335934 24.359420 -11.480476
-27.234488 -3.437727 16.054470
-15.077199 -5.132110 24.961374
18.097473 15.626288 -23.110146
-7.466734 -1.299301 -0.217620
-21.249089 -17.824596 -18.934139
12.324495 17.488914 -19.475231
10.978967 0.428358 -19.168448
-12.977024 -2.223432 20.753866
13.415518 13.529059 0.686209
16.860273 -27.045926 -24.952625
9.980019 19.530181 27.245189
-8.784941 7.231007 21.422172
-12.170630 9.032223 -1.797286
-3.587886 -23.145653 -43.177949
8.466466 -16.899483 -30.936045
-2.813220 7.212098 -11.867137
19.708463 18.314034 -29.936196
12.631605 7.797038 -34.015502
-11.509055 -15.122735 11.783407
-6.967936 -27.618904 -36.060292
-18.549416 -11.086275 -18.800052
14.376802 -4.140165 -28.793898
4.515144 -24.184406 39.917859
15.769348 -12.954670 -2.698292
-10.854859 -16.361108 26.913089
-19.432860 5.453146 -28.651324
19.016537 4.498517 28.458782
2.696667 18.076163 -27.489980
-4.461354 5.048101 -9.723917
9.453802 -12.724683 -33.033590
18.090723 -10.924760 -17.386241
-20.982557 7.539174 -24.578638
17.028357 22.237629 14.579897
13.605344 20.094475 18.994633
-8.382041 8.037730 -7.444344
16.514517 20.991774 -5.314732
-1.891752 -6.968507 -29.190667
-1.717758 7.674616 30.914869
-6.196329 8.095458 40.471838
-21.018053 -1.792731 5.941086
-8.284526 12.987797 15.093981
15.363100 -6.456983 13.549612
2.358023 -19.274250 28.893839
6.525167 16.257756 8.606269
20.629191 16.120123 -1.225253
-16.814090 19.340191 -5.543254
19.007360 20.621798 -23.637362
-18.936556 10.257283 30.378364
13.206629 -8.813410 41.134884
-20.419597 2.055006 38.283800
-0.492372 -17.094336 10.131971
-15.511331 -6.770597 -2.893095
17.771971 14.985511 -42.763627
-11.927668 -22.953619 -33.033732
3.825855 -20.941418 -19.332434
7.897209 -20.023387 42.586907
-11.452563 3.321862 -25.293488
-22.551221 -11.754687 38.877009
-16.714383 -26.292238 -18.086258
-3.680793 18.510699 -5.923545
-7.982697 -1.667095 -22.403354
-7.274234 11.764543 3.850886
12.788090 -16.036407 -16.656945
8.219045 -27.012032 40.892157
9.937342 -21.470742 -2.571383
5.381478 -16.167438 21.687717
-6.206559 3.070952 35.731170
21.938331 -7.883221 17.010630
-15.841381 15.187021 -11.007375
25.483456 12.214480 29.569345
13.488326 -25.051584 1.734299
12.539773 7.723331 2.587792
2.706966 9.154993 22.081841
2.761376 17.000074 -34.383490
-7.204402 13.963246 -13.653443
15.871245 -24.626598 4.740127
-10.048757 25.382244 -6.952384
4.906173 26.013655 5.361589
6.523842 17.262736 -36.450011
22.460086 -21.864408 13.850076
16.971060 14.002684 32.874051
-14.063342 17.228679 -23.475404
-20.331624 4.118340 -39.935365
20.118246 -0.947632 -43.435905
-7.286187 -19.795954 -38.096414
-4.752262 -25.316909 9.108663
-16.181721 -1.182481 28.168161
-0.354383 10.502858 39.819548
8.431645 2.760623 -19.985999
-22.948323 2.500521 41.591421
-7.567140 -3.384848 -31.133374
11.260240 14.920074 41.891903
2.525016 4.291240 -27.703406
4.072119 -7.735098 -33.745140
1.462588 -18.760202 -37.467238
24.118755 1.079741 -2.607071
25.309116 -2.842116 -4.824681
-4.343762 16.137869 33.524838
-2.874610 -17.957448 4.593442
-19.165927 -23.291544 -3.584606
2.235546 19.445497 28.295793
24.602574 -11.753300 -20.543216
10.544046 16.495373 -2.085886
-20.913322 10.021327 1.308622
-13.191593 -19.147668 13.098674
-6.837355 -8.748392 26.423302
-20.582316 -17.559224 -14.206094
9.565157 -2.412823 38.115764
23.313969 -7.393431 12.970196
-25.828219 16.735049 -15.435065
18.146071 24.557869 18.394621
-13.468002 4.447415 15.107100
7.530690 12.721774 -8.910215
17.462296 -19.651775 -28.402996
20.884789 -21.380014 37.759503
-15.847510 24.403255 -36.203206
10.241140 -10.088599 -22.550505
-22.300931 11.687799 -30.751650
2.054256 3.819816 40.943990
-19.573160 0.231179 -0.583941
7.118461 -12.149696 -41.449101
13.058230 -14.997714 6.177421
12.490848 -12.646245 -1.510764
24.820392 14.881031 19.549323
4.789045 -20.086378 -36.463816
1.570666 18.780944 37.994448
14.045981 -18.808653 38.352370
10.562649 21.278851 -39.685398
21.406827 -5.575103 -13.930474
9.338271 -9.069107 31.482566
-7.631929 -18.250249 23.824069
-24.641697 -6.060493 22.448655
8.937105 -11.361258 -5.769254
-9.929762 -2.056053 10.885571
-5.856031 1.046557 -2.838657
6.336129 12.645865 30.872094
17.358124 2.113988 -26.972175
3.307864 -10.114441 -43.075757
18.917433 18.582916 16.160636
11.179992 -10.751752 14.489303
7.517833 -11.278956 -26.019136
21.207804 26.453785 31.315682
5.546479 -12.661619 33.869513
5.686908 -17.519146 17.159345
-8.327185 11.911278 0.158607
9.135298 11.056543 -24.464306
18.967751 10.947308 34.915763
23.578992 -8.024820 -36.328277
-6.839607 -13.497182 -7.967092
19.162845 6.053967 7.470969
-23.315439 -10.110747 -2.781708
-8.008987 17.708685 -30.739722
0.584058 6.726995 -3.793364
-2.355776 25.588553 25.942804
-14.931709 28.103726 -8.979543
14.865537 -6.653493 31.258783
3.135766 -0.076566 -35.540259
8.270519 1.140476 -16.760848
-16.454270 -20.096863 -31.490398
20.268658 -2.416616 23.386664
-0.619236 1.568536 14.271902
16.931988 -13.102290 -7.489208
-6.317837 10.992383 -5.639182
-15.959841 -18.053799 -25.953542
2.008580 -9.868413 23.369280
4.973721 1.355980 -27.469360
9.399582 13.745393 0.975635
13.538909 15.352741 34.403113
1.331533 13.787451 3.959833
1.620729 -4.008772 -32.437678
-17.421600 -22.605753 -35.021689
-3.736152 -16.958504 32.216706
8.009064 26.345546 -42.142115
16.740178 -4.815395 -2.672301
13.299845 26.748330 -19.839784
-1.830933 -7.846675 14.711876
-18.886425 -9.807252 20.180094
-3.315566 -18.976421 28.882579
-14.203119 3.105948 -5.226873
-2.002554 5.715783 42.650381
-18.328624 11.579822 -17.877589
-24.883449 -19.308778 -7.399116
-0.022882 11.403697 28.946320
-1.676689 -6.712432 5.732600
25.103152 -14.736472 -43.757855
9.489781 10.331551 23.017346
-18.797771 9.508117 -40.285578
24.348127 -17.887453 -0.831794
2.146074 13.030162 32.171239
-23.495718 24.573759 -31.903091
-13.396665 -19.503418 -27.842465
-12.796750 -10.585479 -22.125772
6.217028 -1.446921 -33.969436
-21.844909 -23.231314 27.761907
-19.329966 1.749500 34.087029
-15.699362 -12.940398 -42.101080
22.990821 -2.000404 -19.551908
-10.041242 -4.725708 -42.947588
2.816573 -22.822157 8.133076
-0.642836 16.428861 -33.174156
-17.565774 -12.462486 -7.845736
7.278809 -10.898846 13.201022
-13.678490 21.474869 23.722111
-5.809811 19.352455 42.911279
19.791986 26.004482 13.736795
-15.019864 3.315763 18.874985
-1.211996 5.835322 -23.832614
24.699035 -19.191484 9.494604
17.079900 -8.585449 -31.759333
14.232349 5.471948 -27.233663
17.256500 23.790903 -33.245015
23.422784 23.687754 -29.791367
24.800875 -10.231590 -2.863914
14.892241 -14.719487 -39.474436
-1.562920 11.933945 -31.309229
14.798130 17.312841 30.865271
-2.410079 20.745506 -20.935068
2.131820 9.683532 4.184251
6.930953 4.314684 -13.619411
10.533814 21.108675 9.150499
-21.700084 15.816706 -21.800230
14.232748 2.418206 21.724232
-17.238653 7.531192 -2.266289
23.259326 -0.441910 35.746284
21.331835 23.035488 16.668249
-18.476618 -5.732142 37.176414
24.623738 3.363686 40.629550
-21.699545 -1.033667 26.327612
23.752180 -5.388691 -17.723108
2.939303 -1.022994 -15.909585
0.371081 21.251360 24.937234
-12.270572 -13.842808 43.632655
22.443915 -8.014410 22.735210
24.244317 -8.949369 32.610077
3.816872 17.944320 5.923143
-23.089075 22.524223 0.954200
-20.527661 23.396486 -13.419676
15.172159 -1.033832 8.945180
-17.208521 16.812995 -27.543525
-12.015236 15.860564 36.986016
24.407483 -22.069301 -44.001580
-23.796149 5.683362 -34.575257
-21.406116 24.935963 13.332316
-13.553277 22.513039 -25.335272
-8.816942 22.951135 21.527891
-14.016683 -1.838256 40.952092
0.493366 -8.241236 36.134738
11.022167 -13.831525 25.668910
-12.411805 -9.438835 23.702226
-24.868176 -8.237810 30.620061
-4.545575 -3.375874 21.405592
6.343704 -8.711180 -30.284678
9.313294 9.947398 -30.483052
-16.270015 19.368918 -19.152309
2.651725 -19.473531 -30.130045
13.648808 10.923110 -28.793439
2.042349 -11.900310 -23.272677
-4.823876 9.837596 -1.097478
-6.197622 -2.452492 31.665538
23.924868 2.345489 -30.790081
-10.399693 -18.125576 43.024763
18.573368 -20.026970 33.721413
-19.737778 -8.312589 1.341578
20.043240 -5.530387 -9.676804
1.577629 -24.936647 15.657486
19.597671 3.093482 24.457759
-10.202703 0.053944 -36.286585
24.904382 20.156912 -28.887024
26.210377 -23.270723 30.969831
-19.427541 -22.571085 -31.789462
-17.825703 19.244599 24.302610
-2.318152 -17.612220 17.903976
0.799285 5.827516 28.462230
17.103808 -9.476777 37.792064
-17.429053 -16.227013 30.747038
17.181377 17.576621 22.111779
5.743311 -1.509215 -29.947141
22.025030 -12.179942 36.141384
-22.957773 19.888638 23.333256
27.150378 -3.217109 4.155361
2.674158 -3.338456 16.023409
-17.540362 -23.871901 -27.499399
25.252853 -3.318639 11.584871
9.428802 5.324904 -24.163752
-24.400405 8.214048 0.047304
17.486570 13.922088 41.972859
-16.510693 -16.250491 39.106458
10.196607 7.395700 39.301105
14.041268 -11.755579 -30.834401
17.485228 -3.772265 -12.390470
-12.732724 -6.184851 -0.191490
23.388066 -15.339803 34.811438
2.390809 6.940312 -22.513178
-7.489097 16.384865 36.791984
9.854719 22.595361 41.302344
24.370916 -4.262127 16.633957
-8.592423 -7.586676 14.194421
20.945861 15.203515 38.346641
-25.259852 20.511824 -23.955639
18.936445 -13.884014 13.128031
25.138583 18.831827 10.650728
-15.387968 -24.302317 -39.194960
0.431038 -8.485789 -34.860633
-3.097515 -1.700950 26.098472
-23.356023 -18.965557 28.633072
-4.930213 -21.899301 -36.042170
-1.795300 -17.743192 22.248865
-4.596142 1.027521 13.818969
-25.907360 18.872634 -43.138516
-20.962583 -16.147814 27.991731
7.280398 10.943078 39.169302
-0.215712 7.661676 -8.638570
24.450533 -16.300318 16.792027
17.844717 11.756530 2.183082
-16.761242 23.412741 -17.141165
-19.913183 2.977800 19.114599
23.862835 -5.090643 -8.668542
22.210168 19.304466 33.175304
-17.720659 16.919013 -31.391000
-3.999965 -16.873788 25.286302
-0.233274 16.532634 -29.188644
7.199453 -25.991382 18.419083
13.057572 0.340292 40.520009
6.091180 13.927348 35.366562
8.562381 -20.261071 15.287679
25.740337 9.626322 -28.207230
10.248229 13.228481 -19.788678
9.620305 2.682236 41.800666
-5.092060 -20.888120 16.812313
21.086678 3.404270 37.724989
9.249955 25.097064 36.085660
-6.781275 9.589089 -40.455487
-16.311283 -7.290692 22.000164
22.920538 -7.794517 40.340003
3.997439 26.217236 -0.847033
-9.547368 -14.635285 -17.591167
-5.587322 7.658564 -26.412043
2.696884 24.989883 21.656366
5.706796 11.498667 15.288822
-5.412210 -23.318658 -25.230570
-4.135787 -6.082197 24.999915
-7.637184 -7.959866 23.365859
-20.352178 -14.578207 33.115648
16.210974 11.168098 23.152264
-6.728797 -12.622592 13.505980
22.137576 21.965164 20.968205
-4.124264 -2.633039 -32.494516
8.719040 17.530570 12.117304
0.810953 11.317642 -17.151350
12.170534 11.089108 -2.923181
-16.105748 -15.000801 -15.925053
-6.075538 -18.215853 -8.712020
-5.083144 -17.641578 -34.258603
-4.743638 19.869809 38.144038
-20.022145 -1.026050 20.653284
-7.625211 -13.078814 -43.227543
-5.909861 25.403330 38.935506
-25.733588 14.820397 29.039314
-24.562691 10.406548 18.073353
7.735138 6.542530 -38.758575
12.698377 -15.382414 -45.774042
16.720627 -17.707776 -43.767925
2.268892 18.924921 -20.215266
-0.905856 -1.307676 -33.354726
-8.663642 15.672238 6.931716
3.628186 -0.887384 28.076850
-3.080694 25.154907 1.528599
23.214729 19.977299 -40.304748
2.034950 14.927053 9.908478
-4.832007 13.640495 -8.240010
15.643336 -2.077974 14.672169
-15.229228 -8.707261 2.314090
19.695779 17.587349 11.366578
22.554292 -16.975109 -5.148334
-14.101592 6.965808 -30.405229
20.128752 -12.486630 -38.093778
-4.532580 21.726201 13.647571
-13.882301 -0.110410 1.298491
-17.952171 23.050883 34.493504
16.892178 13.008234 26.418693
16.728936 -13.681725 -36.107038
14.737865 -25.729354 -2.235471
-23.508638 3.118328 -31.367965
21.906467 -10.539835 -18.251816
5.564444 11.067074 -37.725714
13.110060 3.207544 4.144411
19.516949 -2.104938 -28.565064
16.793843 -9.381972 -0.854086
12.388446 -23.614413 -23.497083
-3.448090 -25.784838 30.063903
-11.084085 7.309067 -13.266721
-7.876750 -9.483067 10.475554
-2.564640 1.140870 34.962607
-12.471840 20.344974 9.330677
-3.605825 3.039960 17.624687
3.678625 -11.640945 1.475036
12.151920 18.480203 15.805916
-16.311617 -21.769908 23.389383
20.621779 -15.771599 -1.465115
-12.010714 12.493127 29.558783
2.545586 -25.083561 -3.441397
21.987193 -17.728427 -26.518465
-16.447747 15.723769 17.969774
19.420574 14.529138 14.001297
-3.438964 15.176914 -15.395541
13.825720 20.943385 32.794077
-11.690923 -7.587400 34.844681
4.158350 -23.686766 44.593857
8.683511 -24.412562 -5.309928
15.972169 26.429343 39.547116
-10.416747 9.572139 -35.168479
8.039390 -4.285294 -7.469639
9.297455 -17.877825 33.456956
-24.390515 -2.219000 -15.296967
-6.915715 8.239111 16.754973
-18.885377 -0.965790 39.976886
4.822065 17.399184 32.822278
22.108991 21.445739 -11.848305
13.753125 -25.726183 23.948079
-9.448733 6.963739 42.964159
24.389961 -0.454308 18.447873
-19.052134 14.119139 37.991792
-10.743222 -2.901160 35.578563
-7.372728 -4.087118 23.620242
16.437637 -6.852542 41.576506
10.617042 -25.799955 -13.529851
20.193904 18.503020 -9.302043
17.210755 -8.491183 33.636094
6.012601 -11.543583 16.830271
-12.567594 -23.595781 13.646907
16.282315 2.122023 34.335850
-7.554244 -17.931181 19.028227
-21.208972 25.779637 24.420978
-20.159425 -20.201085 -37.045178
21.700270 9.031810 29.924465
15.782255 0.413620 -24.248700
-19.778156 -8.799084 14.775655
-24.034329 2.567405 4.092321
19.061594 5.244381 -38.390932
2.640399 -20.732047 2.438044
15.122560 12.722509 4.410990
6.503908 6.279171 19.286087
-16.550493 -1.216339 3.366306
-11.938281 6.692432 36.898871
8.689144 23.767798 -27.109259
25.772384 11.178275 38.000649
0.189349 -7.894749 -42.988111
15.768568 -22.745915 36.039718
-19.409905 7.879991 41.005524
10.628470 -22.971491 18.262419
14.782141 -25.028985 17.289954
6.191605 18.137210 -26.301217
-16.361840 -10.501505 6.430747
-5.007814 -20.107311 21.388307
17.529218 -17.197682 -24.340056
1.976781 -8.664725 27.392908
-11.449400 26.040274 -28.531085
11.007725 -24.826460 28.530842
15.144877 6.058929 -38.070708
-15.252770 -3.375547 -1.683263
3.213402 15.946541 29.528666
18.741031 25.411943 3.982060
10.573798 -7.015083 20.434849
0.812428 -11.142099 10.867164
-3.574100 9.049556 18.934614
5.783433 -25.435720 -25.507620
2.903558 -19.301699 36.906681
-14.406212 9.715317 -33.674042
4.433838 -4.523045 -16.807053
-6.366938 12.597871 8.138969
-0.289372 -13.208448 20.465389
-3.717171 -6.412372 -42.012855
-13.102915 -2.523526 -10.487866
-21.890228 15.682645 -29.599798
-0.325431 -10.112722 5.460913
23.814243 -11.148682 12.626538
-20.941942 -10.314599 -21.511575
5.786985 25.964586 19.291022
16.213938 26.142658 -0.464152
-15.947269 2.262179 4.706087
-6.996130 -6.340454 -15.467742
-25.130489 -23.653185 -18.581746
-14.362689 -16.471412 -41.120771
-10.924082 17.863554 -3.553053
3.409178 18.177718 -40.426616
-15.982962 -0.795679 37.820843
15.681683 13.906579 -19.940457
-9.173705 18.649598 -7.034471
-10.544631 14.095907 33.076341
13.722580 25.412682 -31.969802
5.620394 -17.134098 -16.748397
9.727138 -9.451090 44.924377
-12.130885 -10.644984 4.234739
-21.121656 12.630608 28.831908
7.771866 -14.222754 -23.229503
4.985272 8.260000 31.776074
1.198699 25.067501 -36.121395
8.722399 -1.007313 22.976155
10.940502 -16.644583 36.803962
-17.737197 6.380581 -13.011375
-15.742971 -9.964932 -34.886655
-16.811120 -18.280292 -17.914049
25.818764 24.127109 33.416150
-18.940538 -16.903635 -37.527556
-14.471902 1.186777 -12.135594
-3.940121 -7.851368 8.510583
-12.678557 8.843620 -9.389616
9.699109 -9.439300 -37.972441
2.671242 8.921715 -26.102158
11.703073 -12.004301 -17.081159
-3.002240 10.288671 -8.688129
24.218310 8.191812 -24.596202
6.913369 17.286563 -30.141443
8.227754 1.779232 9.266923
-14.501315 26.926729 15.754675
-19.112239 6.046357 25.502257
-22.580729 10.838380 21.369126
11.941758 -14.380341 2.196517
8.002299 -18.670352 -39.511787
-5.529537 -18.435471 -4.365079
-14.715402 5.376675 7.827843
-13.717967 -9.328316 -30.376401
16.032723 16.795500 12.301299
-7.617201 -21.870505 10.201251
-19.889990 13.653834 5.876988
-23.868110 24.330279 -20.940611
1.055232 -15.125026 -38.826686
-6.100863 0.947910 20.088480
16.007573 21.603759 -0.804249
-6.502103 12.242018 32.388383
-23.175922 -10.785925 33.797057
-2.791243 2.405759 -20.379074
-7.919474 3.286048 -11.445196
-13.333951 -0.579241 -23.071437
13.985469 -1.339474 25.146067
7.748624 -17.951788 -0.891107
-21.262193 20.975347 33.768156
-23.167988 -5.810815 -29.783630
20.355961 -21.783421 -37.034175
-20.142345 18.427890 20.899891
-13.606736 12.075255 -13.424638
-13.937747 -21.178807 -36.815822
17.771399 5.943548 35.990813
13.401660 20.164725 28.442215
12.623624 4.617151 42.247801
3.414340 12.674046 -33.173601
-0.612565 -20.642253 43.618814
-14.209149 -4.193448 2.920913
-10.487485 -0.404288 -19.600259
-3.115662 25.922223 -8.338519
-21.135362 15.327845 18.639608
-24.500778 12.789349 -4.612305
19.082693 19.657107 -39.032896
-23.332395 12.303516 -0.867307
-1.167545 -5.261738 -23.892486
-11.436724 16.195585 -32.958525
-25.583063 13.072484 -21.905202
21.903702 -7.178681 -31.399681
11.784697 -13.414467 -37.930545
-24.835390 -13.708977 -2.788323
23.003324 22.934110 -22.514670
-10.865615 18.249572 33.344798
-21.775316 6.594045 -12.094797
-16.473086 -7.939893 16.512408
-9.536696 -16.956328 -32.920948
-12.616120 -15.561794 -36.016813
-0.400247 22.613824 12.332233
4.238381 -3.741636 22.558528
-8.722148 -25.574161 -24.220424
23.779545 -14.536560 -28.626023
-24.284649 -7.027581 35.256959
-21.495579 -12.893538 25.329160
16.764788 7.757462 -23.400435
-9.553444 -11.690710 22.280771
-1.470521 15.778748 17.816684
-16.008941 2.126128 -21.576515
-25.240595 21.763754 39.343721
13.233725 14.418980 38.157704
-5.129104 -26.149939 -3.986814
-14.556784 -13.295590 3.079599
-6.205181 21.399727 -32.654993
22.711977 0.381295 1.058526
-14.914010 20.238141 41.814344
6.164801 25.240313 -17.072209
7.357790 1.712657 26.606667
19.412303 -13.855541 -12.066416
19.042260 -19.808977 -33.654950
25.155228 23.032487 29.242295
10.319373 1.011151 -13.831599
-24.701432 -27.767799 -25.174487
5.366011 12.936635 -41.627116
-11.151843 12.245596 -32.540075
-10.137768 -5.869871 -26.670177
-9.350574 -1.338222 40.946099
-16.766689 3.058904 36.110425
4.147917 -14.252523 -20.747423
25.128129 -15.755012 -24.916379
-13.865310 4.967820 33.100772
26.647905 19.616884 27.991262
0.990113 -4.475486 -28.565052
-9.901798 -8.847381 -16.323050
3.289083 0.229850 6.157350
18.667845 4.862670 21.027573
-11.355418 -24.990352 -20.683678
-6.841515 18.490303 4.631987
-8.246529 -25.015767 -7.130699
-21.337756 -23.195872 -9.138896
3.587425 14.839474 23.912577
19.426367 3.323689 -22.911096
-14.421063 -6.828425 41.607868
21.019083 -17.838202 -30.416228
-12.085133 -1.608902 -32.880269
-24.775093 25.568737 28.755912
8.066875 -5.939773 25.948327
11.987592 -0.358673 28.543865
1.973213 -8.453878 -39.282416
-17.143323 23.697885 23.300294
19.198072 6.572309 -1.676698
4.625341 -25.934537 -21.781102
23.619208 -7.342017 -41.534234
20.912547 -24.558331 -43.851406
-17.093999 -26.001436 26.851777
5.925834 -8.245760 4.622215
-10.878275 18.496025 -38.143926
-20.244376 -0.628873 2.679656
-25.348505 -14.973164 -9.787245
1.196816 -13.053597 -18.380269
13.453933 -19.484964 -15.962397
-22.188531 12.855575 -14.326495
-6.920231 4.408442 -36.375488
-15.719933 -9.420477 36.875980
26.628888 -18.373149 3.945008
14.380933 -7.563994 8.413114
-18.038769 19.413304 1.088435
10.512181 0.190552 12.274746
-4.705271 -15.860927 -15.817544
-12.593907 -5.627836 -30.687825
-4.602423 -4.428123 34.911843
16.651589 2.290827 -43.655431
9.185710 -14.857542 6.136970
2.512778 -9.507789 -28.047689
-21.688939 -3.225366 -35.784231
13.824216 18.475808 -38.979273
10.661774 15.171229 -5.901665
-7.546782 -4.264283 27.498775
15.211316 -13.416449 -11.072181
-20.873776 21.712193 -7.979066
4.735257 24.311312 30.432204
9.113543 -14.976602 13.213141
11.866914 24.059832 -43.473159
-9.605771 15.603995 40.959967
8.857215 9.746401 -11.583277
-9.862715 20.499188 1.071039
-0.491369 -26.427991 8.115667
-4.021766 -19.010941 1.109530
14.530071 12.262829 30.684253
27.020601 23.945615 10.607974
-18.217985 -1.995086 -23.409839
-2.310044 -2.179346 33.483445
-4.649051 -19.172835 7.735902
13.044105 -10.296426 31.539028
25.853844 -2.779151 28.828757
-7.247621 19.012500 30.712102
-11.584571 13.833213 -27.320807
-14.185394 9.650436 -43.206326
-20.909250 21.133636 11.398108
11.960276 19.053562 -5.382466
3.430859 14.046225 -3.742625
26.116059 22.587527 39.222358
10.200856 24.014802 24.751259
-10.652600 7.985181 25.372634
11.474441 -5.764498 -31.598447
-5.355705 -13.714786 31.236897
-5.235924 -7.934479 -30.065666
-20.177525 19.109762 -11.911459
25.504445 18.004350 37.608546
8.205780 19.027580 -4.806652
2.317526 25.749085 -12.786088
-10.346700 25.422883 -24.541335
-22.813503 25.046146 -41.053040
17.862806 13.493872 -9.445465
6.988459 -21.645065 8.500255
-1.451825 -23.919825 33.780608
1.295293 -1.446041 34.565242
4.342093 2.074514 -16.879867
-10.555959 0.023556 27.403606
-10.582502 3.364450 -30.252193
-6.914993 -14.029805 -33.725352
14.192407 -23.121610 -13.866732
-7.444286 -3.770068 -37.269704
-7.345411 -10.921122 6.875371
3.286546 -5.885421 44.235829
2.865431 12.656339 -10.517923
-8.465133 12.725000 -19.251689
15.417360 -0.759228 -20.321727
-1.624635 -10.216603 -40.576206
8.880626 19.064633 -33.278522
13.055148 -16.171682 -29.646922
9.279912 -19.203102 -20.874326
-11.767325 20.410620 38.180304
13.054075 -12.387672 -5.159609
-17.645122 11.505237 15.291137
25.071320 -8.943404 -31.142539
21.090871 -14.086289 -8.627214
26.185442 17.664734 -32.142740
25.932615 -14.448103 2.933478
6.708528 -19.495187 -8.014995
-1.532872 -12.754141 -37.504366
5.531978 -18.523950 -32.529736
-22.863339 -2.631089 22.390435
-19.078819 -12.821737 -36.688048
-18.660801 9.972520 -6.728017
5.007619 5.280711 -25.181201
17.841791 2.761844 9.942725
-20.061492 -1.442195 -14.399534
6.432813 19.358204 -12.088018
-5.581330 9.561754 25.483227
24.106575 -2.253178 -28.760603
-15.440749 -4.922785 14.371965
-11.157963 -18.867971 9.547290
2.600034 -22.495056 24.831270
-12.496466 13.568447 41.179622
-19.372538 2.273148 23.671831
10.697797 -4.096549 -41.258284
22.976767 -2.159589 -11.358662
6.372562 -13.525363 9.661590
-9.359185 -14.620571 3.991747
21.497341 -24.020384 -26.399727
9.884537 10.408646 14.039058
-11.476548 3.821299 25.595286
-9.074632 -20.312058 31.011933
-24.814804 -19.177552 -32.444848
4.199306 1.017524 16.682642
-16.259200 -21.145989 27.438144
-7.699123 4.430723 -7.344122
10.201729 -17.775489 -5.173210
-2.238591 -9.403250 26.138622
-12.321333 -19.658651 1.791569
15.953311 1.468354 -36.424420
-24.792583 -17.140839 -41.754636
4.166812 17.334751 -22.921656
23.489471 7.408768 8.867886
-9.872715 -11.739397 38.069594
18.185332 2.741380 -15.727293
-15.493885 18.096488 37.514522
2.488707 14.610587 15.161402
-1.362886 -15.865154 43.148915
9.223013 13.561829 5.030337
14.621572 5.619821 15.754853
0.987829 -22.281217 36.294988
12.599412 -17.055917 24.616589
-11.641731 3.293565 -19.634545
-8.384479 13.435800 -29.243637
3.906802 -10.179991 37.712073
-26.439109 8.721031 -24.427245
-10.941000 -23.598843 -38.579060
4.825108 3.311404 7.888925
-21.304579 19.585603 17.297275
2.739644 26.837182 34.687793
20.038082 -4.324551 -40.404238
-16.691929 -13.278766 25.802230
17.012120 -22.698282 -36.733720
-10.047358 -20.229232 26.314560
-3.903190 -14.992287 -0.105246
20.923968 0.803152 20.696559
17.729484 9.692200 -27.159237
5.506586 -13.025761 -17.849792
2.306027 6.896659 33.505043
-7.920736 1.446178 10.930695
-1.144049 -4.697386 -9.203660
-25.148687 -2.334448 19.441027
6.400204 -11.838936 41.690876
14.197863 -12.823203 -22.628938
-8.049516 15.174567 -5.476643
7.060118 -12.953239 -29.924209
-10.044199 -10.753451 42.134744
26.617953 -18.697723 -30.574403
23.514439 -0.134758 6.017779
14.746056 -0.792761 -10.505868
-0.392191 25.883555 -4.379319
-12.563951 11.025750 -5.269531
-16.157937 7.937646 -25.063632
2.306093 12.728008 -28.414998
18.025442 23.221976 32.801061
-25.594683 6.097619 4.886864
-11.997803 -12.489681 -30.532183
-17.537001 11.115586 10.672789
-16.804497 -0.185425 18.693327
0.497895 -8.770061 1.659497
5.804646 3.133080 36.340725
22.816820 11.201766 8.645561
3.996486 -12.931400 -27.037935
-23.317063 3.164338 -8.178793
-19.815648 -0.262487 11.510244
4.628523 23.976290 -28.731515
-3.039109 25.921446 -26.763723
-12.779981 -11.622134 35.584870
12.128005 -22.792799 -18.606646
-23.208723 -21.232768 32.091471
20.923714 14.958321 -8.025313
-21.046884 -13.333204 -9.529553
25.680231 0.890856 -12.598354
-17.679589 4.137152 -2.999717
23.566975 -17.125169 -10.689819
13.356722 -7.284998 -22.510001
3.504294 -12.704187 -5.614983
-20.772718 14.411848 2.031139
-21.389087 -24.170586 42.588796
1.468981 10.786241 -39.096689
7.425406 -10.171886 0.806387
-15.559779 -19.466268 20.438112
-8.593668 5.486945 -15.506755
-22.515856 -5.546064 3.735274
-9.780006 -9.832825 -35.173229
15.002999 -19.226319 -31.975322
15.144518 -17.595002 12.564022
1.598528 5.534380 5.380097
-8.484754 2.626440 5.912433
-22.676351 7.740234 -30.858618
-25.957506 -22.080923 38.101094
-19.805275 6.902835 29.788952
25.327577 14.648721 -1.592406
-12.519115 -24.559760 1.973353
-12.838208 15.018702 -37.104977
8.796495 -9.135223 23.566167
-9.267270 10.992513 11.159697
-25.464488 6.700724 25.156629
25.550323 4.825484 -12.769831
-11.894703 2.696001 11.576785
4.940406 12.696924 -26.067545
-22.098284 -5.662395 -5.633050
-3.593596 -13.961589 -42.501045
-25.484558 -11.805757 -7.092180
-23.470318 3.342215 -1.999744
-25.214231 -24.305302 -23.278216
-18.582725 -13.193496 -12.201935
3.722177 -15.821714 -41.947029
4.849702 -3.673374 3.980520
-24.063571 16.046322 -11.691219
-4.203142 -10.122704 2.132230
0.231942 18.185722 -23.619632
-5.539521 5.670538 11.384837
-11.255224 -15.917771 -1.876665
-5.760026 8.829429 -15.446140
11.210304 -7.742414 -7.861256
9.668051 15.214260 30.736133
-1.491482 24.258124 39.434705
22.729973 -18.650757 29.103447
-13.035729 -10.295466 31.631403
7.024694 22.283293 28.022367
14.542121 -8.467845 -28.569662
1.669957 19.593027 0.818149
18.678628 -4.627628 -31.173913
7.542687 -3.845608 29.405982
-12.824237 -7.072165 -9.469376
-5.959668 20.054478 -19.737774
-7.883635 12.715170 28.834916
-0.323745 -14.667785 -15.472636
10.410205 -2.648336 26.059403
-9.026603 21.863550 5.848699
8.721645 -16.177726 41.785190
-19.018602 24.461303 0.841299
1.977539 -0.951962 -27.346495
-4.708135 1.631400 23.395311
16.438866 9.224849 -32.318170
-25.706586 16.125679 7.045188
-1.836355 -4.313115 9.335900
-19.840020 4.728937 -35.607183
16.844798 -6.511214 17.420373
-27.069418 12.688099 -34.996408
-1.532526 -23.345708 -13.180021
19.873147 -18.111003 24.153359
14.408339 22.045231 -41.389296
-18.258099 5.675488 -21.191282
-15.602255 25.457184 -1.092213
-16.075097 0.637536 -25.774268
-6.427878 -13.082424 -29.893865
-18.308072 27.034386 8.284996
-7.610508 -2.812247 -12.406028
0.106590 5.901226 -36.430166
-8.205158 -21.138977 -19.769958
-5.311395 -10.584329 23.521893
-17.721338 7.556368 -32.989949
12.748004 -15.823729 -25.603836
16.918397 -1.331984 0.584875
-3.551835 3.049259 26.275084
-8.012038 -16.734958 0.976050
-12.278424 -6.652596 14.878138
-4.777876 14.139406 -41.644621
25.862703 -6.291272 -0.412641
2.923636 -1.389650 -40.863697
-2.353947 -0.193749 10.884844
20.536667 -13.978543 30.814489
-8.298401 -18.874155 34.612469
4.787365 -5.608493 0.869961
-15.598275 0.190774 13.770594
-4.143223 -8.251330 -22.628198
-1.144212 -20.643812 9.317191
14.702824 -7.407772 -13.277374
23.103883 11.494131 33.931376
0.608743 8.558645 7.493288
7.842074 2.955167 21.460630
-10.730189 -11.076354 13.070448
16.488952 2.297815 -11.924490
-19.362590 10.068253 37.240544
-3.496342 -4.197583 -13.423616
-21.549403 -11.262588 2.210630
-11.272976 -18.593392 -40.067121
-22.748361 -24.814458 36.331022
6.296868 1.840992 40.290535
8.944850 13.520926 -37.768091
4.999328 7.281109 -9.656203
-14.642576 1.779698 -17.723781
1.784496 23.568717 -8.502034
8.368825 6.181311 43.470081
-2.449130 -0.486012 19.980255
6.630120 21.112801 -38.456502
17.474438 9.711097 -40.042465
20.737432 -24.399927 39.956006
15.796865 -14.888223 3.071454
13.489606 -5.109672 18.590866
-9.330937 -0.132443 -30.830317
16.492450 26.645257 24.141576
10.731402 -19.411778 39.652586
1.521220 2.570364 -24.448280
4.262986 3.228289 3.775096
-22.323844 -26.569225 -5.058290
-22.422021 15.583348 -17.279225
-14.267515 -24.479160 40.191882
19.104430 -1.994903 -15.974600
16.504119 -4.016302 4.624297
6.839875 23.519622 -3.176058
-9.730702 15.349872 -1.040600
15.767634 7.186591 -12.294039
21.010601 19.211384 36.537319
4.644061 -9.508913 19.602339
2.080899 -5.491654 30.789386
22.090522 5.113162 -15.464363
13.912338 -16.040341 21.028254
19.148768 -17.946829 -21.217203
11.497900 3.874299 7.419390
-14.987666 -11.640025 -25.612689
-5.093918 -18.987726 -12.673695
13.488988 -2.453213 -23.482769
8.112361 21.698063 -23.994355
8.102383 -23.016116 -19.885279
0.651162 8.725067 -13.747742
5.583803 -22.042896 16.468573
-20.916052 7.014204 20.287641
12.378258 21.275181 -13.393235
-8.410557 -17.303478 11.876065
-16.424562 24.726116 27.232365
20.616332 2.091130 -35.877110
-6.055494 5.058494 19.839141
-18.357507 -1.342039 24.485546
11.781941 -3.924342 15.634871
-13.817735 -0.475520 24.272994
24.292564 24.403281 -41.495791
-11.603509 0.553318 -42.815122
17.177801 18.399891 34.813470
15.140889 27.898535 19.209762
-18.463927 12.754277 -43.217467
0.557965 -13.465190 -29.602627
-8.887871 -15.995092 39.647576
6.315843 -18.830580 -46.066777
22.826994 -14.585498 14.030639
-13.336662 24.262952 -18.194720
-11.995826 9.901448 -18.924221
-5.542678 25.125239 -23.050070
19.713394 -16.109139 -35.930846
15.698640 -4.067051 22.336505
3.318625 7.863978 -36.508638
13.103845 23.010902 38.599479
0.526120 -17.183646 -27.769261
14.919990 -15.382570 36.479346
0.619606 -14.092269 5.148537
20.451856 24.911630 0.129329
-3.464252 -1.795381 -36.657663
-27.118735 23.144617 -26.894715
-24.440906 16.330000 -2.857921
-14.015603 -10.939081 40.184042
18.649034 -17.051456 37.477093
21.157639 6.751748 -30.588780
-13.583691 0.648029 32.003498
-14.875383 21.065848 27.990292
-20.409282 -8.884615 -36.108382
-20.445861 -25.956752 -26.034983
-0.809259 10.085792 -26.555259
-19.110256 4.073532 -24.198911
-20.945241 -21.962745 15.061838
10.686558 2.502062 -43.980792
20.248636 11.243669 -33.626426
15.699855 -5.693734 37.321341
14.231891 -11.677661 -14.535742
-3.242794 -25.522404 -33.497271
10.962631 6.999468 -41.596861
5.678293 -24.483826 -43.912892
-8.488574 -21.652707 -4.076005
-6.355905 3.500600 -18.358632
4.438673 10.286793 42.653951
-0.772064 -8.203942 -16.843858
4.127111 6.784856 25.488764
-5.878649 7.825650 -21.488750
-12.518612 21.621018 14.941319
-22.592568 2.642711 35.254368
25.340231 15.745727 -41.167359
-17.076496 -9.203490 -40.712103
3.109064 14.235938 -36.849637
-21.024139 23.854607 37.802813
-18.633829 -4.947779 2.167919
23.332640 16.833760 6.429527
-6.963723 -6.398480 17.952850
-14.966664 2.080469 41.988862
-23.051035 -6.305374 -1.913342
21.470069 11.336356 -38.955520
23.716108 -0.857803 31.732186
12.477766 25.434773 -9.349838
8.103300 14.571358 24.841405
-25.668642 -16.441364 5.096981
-16.557702 -13.770167 -33.816929
-12.707569 15.948896 -20.313000
-8.733790 8.407267 -19.203614
1.224426 0.992122 -1.248395
15.475677 -15.891940 -21.440218
-10.664293 -20.429257 -23.630302
23.823077 9.324068 -11.165749
-12.442703 -4.902165 -4.316833
14.511975 -25.774296 8.381263
16.867747 -0.957070 37.967477
20.880728 -23.037892 -22.469990
-2.191660 6.728127 -19.608118
11.617764 -22.637927 32.027788
-9.603717 2.816937 16.830179
-16.399962 -19.563068 2.851307
11.004305 25.218782 -24.046641
5.152956 20.301747 -30.884752
-2.519260 -13.555615 24.712652
-20.635383 -0.710959 15.929353
10.317468 -4.776328 -1.990895
-22.770884 -23.772212 -35.411010
-14.934728 9.903369 -16.161284
11.616238 -4.083128 7.088602
-21.233599 -8.747818 36.522285
23.273202 -20.277426 -13.401312
-6.841235 -15.488033 -24.489731
-21.745630 19.963657 -44.891867
-2.141869 23.066312 16.619142
-5.906954 15.837022 -19.079800
-18.788827 -17.932169 21.450964
3.127301 -11.033591 6.199130
8.538894 -16.072575 2.701082
-18.562060 -20.736993 17.849029
11.156467 -17.063407 -8.698214
-4.031308 -17.716428 39.091855
18.558672 -25.515981 -12.702785
-11.854968 -17.669781 34.090750
-8.246924 25.874433 -32.568204
20.472853 -10.426932 32.140590
14.524790 -10.252804 -9.507604
-0.550652 -1.170494 39.487909
3.706879 -19.392461 40.951145
12.600406 13.533473 18.310524
-14.689837 3.694703 -36.500389
16.631822 -18.023928 -36.149177
4.394660 26.476690 15.419857
-15.480709 16.669740 -16.033334
16.376984 -14.932063 -27.842167
19.196209 -1.404645 -23.447237
-3.990389 1.281312 -32.006716
16.970685 -3.887174 33.853689
12.024294 20.438216 5.920281
-2.309862 -6.206960 -32.703282
-19.894176 -16.244336 36.973028
-10.715620 11.685512 -21.856236
-7.778156 26.435327 1.739133
11.280577 -11.109479 8.821182
-13.509739 -21.039354 -18.210036
4.431350 -5.749302 -5.584421
-20.423883 -4.935688 -13.849588
3.206843 -18.824264 9.880116
-12.475304 -4.407436 9.800405
-24.388384 -13.435740 -39.554645
15.447174 -13.049110 17.386213
5.274735 20.884647 8.433050
-5.068444 -7.892252 37.551949
-13.374415 13.151375 15.118577
-6.167749 0.055542 26.805174
1.360573 -21.181594 -3.530230
9.760603 -10.126661 39.864207
22.990002 16.457217 28.393002
8.507490 16.053872 38.519330
0.515060 -12.280830 17.218101
-11.562225 -20.933324 -5.723284
-0.886775 -16.129578 1.713905
4.065679 -3.934155 -36.800053
-3.254466 7.440221 -34.615682
-18.581005 3.813239 40.895812
-21.455369 13.628119 -7.562675
-2.359407 15.240756 43.388290
-20.261561 22.900481 19.773645
-10.750486 -0.032310 7.309927
9.425556 -17.886480 18.287767
11.827099 3.814745 -17.577985
-8.310060 -11.581176 -11.256640
-7.688775 -25.898088 31.146511
6.974941 -24.514971 26.239034
-23.603327 -23.510477 -30.208502
13.303878 15.213824 21.538853
-25.954273 -0.542258 5.612536
20.724122 -20.253699 17.349882
-8.903266 10.653430 35.504247
0.796675 -25.717053 -36.195117
15.051021 -22.803555 29.147910
1.185348 9.619114 -33.074431
13.263680 14.919319 -30.988191
-24.374114 -0.645509 1.085071
-18.582404 20.093056 -33.624156
7.943972 15.118565 -25.045574
13.529840 -9.049112 26.609956
-19.241574 -15.227034 18.153231
-15.693205 -4.301592 -33.902769
4.060254 -22.039170 -28.157012
21.952320 22.213620 -26.784417
6.567327 6.937997 12.560605
-7.052628 -16.448236 27.544845
-12.510815 17.882778 -11.506953
7.754403 -1.707781 9.550130
7.935531 21.216938 -15.338875
-20.022241 0.368744 -42.438668
21.680121 14.905534 42.464599
-24.032794 -17.161121 21.344531
15.289337 22.297155 -8.840939
-23.843280 19.548998 -10.749751
10.811500 -7.030853 28.525353
-16.456912 -0.801222 -7.559393
1.229271 -2.522150 25.805721
22.328430 -12.775025 40.501853
12.065430 -17.271104 -33.171174
-11.642931 12.604753 -10.386653
11.260853 8.052859 -27.360103
14.456964 9.985284 -0.509014
-17.250691 24.481792 -10.890026
-10.054185 10.277913 -27.063106
-11.417361 1.600349 -8.876822
16.851287 -6.943691 -25.389810
1.233902 14.250362 -24.238738
-10.060527 21.656465 31.976260
-1.916054 21.841106 -8.590482
8.610578 -14.602794 -3.097496
20.824305 18.096476 22.463695
24.791159 -5.782141 -26.666574
-21.367995 24.267158 -28.660902
-15.260692 11.317896 24.164722
21.163646 22.159313 29.147719
-1.764316 8.482718 2.090487
-24.528311 9.945116 -9.154203
-12.672772 14.650150 -3.620346
1.904239 14.722279 -41.443553
-18.244124 1.266806 -28.477564
18.281065 -11.434745 -29.668422
21.567430 -0.553920 26.297771
16.429459 10.912987 38.665451
-0.710992 21.784667 -16.023369
-11.970213 20.291951 -41.600541
5.182383 -8.352885 -25.607684
-15.954496 24.013278 4.410868
14.704183 4.032964 25.788368
20.129994 2.550628 16.102597
-1.539049 21.456383 4.893813
1.848125 10.948874 -43.542548
-4.338593 -7.389396 -2.366417
17.492977 -18.710241 -0.337016
21.391367 16.480438 -12.656815
-25.277184 -19.953932 -17.050593
-7.037008 18.477623 -2.855052
-20.819638 -13.959724 -17.217937
-10.870069 5.366909 -34.599471
-16.292244 3.237451 -14.789770
-23.831099 19.944445 -17.817221
-8.454534 21.548003 12.316803
14.404107 -11.201173 6.927282
17.301825 -11.642829 4.570317
21.203086 7.841927 -35.544603
-1.235320 13.453133 -19.064877
-8.624765 17.024801 -21.346900
24.033628 10.536386 25.188839
11.023302 22.702160 -30.980833
0.884446 -7.842755 -31.234839
16.248420 14.008999 -5.997117
15.270083 5.198847 -16.762936
8.080560 14.991231 -11.540221
3.485734 -0.103107 1.632827
-24.742831 -16.631051 33.196883
17.684784 21.486709 -12.593929
-19.033104 -6.819370 -10.857302
-25.849924 -8.745904 26.415337
-17.540362 -9.720394 25.522205
-16.230399 7.338140 -9.072159
-7.809932 -3.618667 14.686794
10.980452 18.771882 31.241126
-7.777224 21.399125 -23.463863
-4.877848 15.818765 -30.702899
-10.850739 -10.502046 7.939761
-5.690367 21.225660 9.495168
8.649752 -24.468329 -0.595268
4.218256 -5.716612 27.549988
-25.062605 3.462045 9.349526
12.457304 18.868412 36.308508
-6.772884 6.190908 4.036755
-20.295114 -25.988871 16.847303
-15.592738 -14.832729 18.783851
22.419169 -8.207493 -22.377736
11.402947 3.049260 38.604893
20.110698 1.765458 -40.310734
-22.080236 7.564151 -38.898248
16.812008 0.769282 26.341357
7.974668 -2.322141 -25.507158
5.433038 -8.303551 15.052179
-13.179046 13.429650 -16.866149
7.685694 -2.182874 5.932349
-23.123292 0.843337 -28.598838
-15.316265 7.195634 25.871867
-9.441877 6.671430 -38.415874
-27.531189 1.935464 27.537502
25.632032 -21.012799 17.206452
8.309858 -14.702174 -7.230116
15.438129 -19.344601 4.053348
7.460002 -15.743933 25.396605
-7.158498 -20.675636 -42.652124
17.093458 24.203088 -24.188307
-7.799148 22.359686 40.700635
-19.719196 -3.516973 -19.028426
-6.247106 24.245533 -1.381751
11.372212 -10.812097 -26.012254
-9.525113 -21.105414 5.139504
-8.332316 19.657813 -15.728151
-10.259433 14.935825 2.718174
-22.461359 21.215147 -34.525900
10.354744 -24.006210 13.999647
-15.005890 1.526234 -40.451081
-6.388354 -12.086920 27.933855
17.806788 22.806225 7.351106
21.788030 -14.160719 19.943754
-17.266177 -7.985284 -21.161670
-0.030575 -7.173821 11.823004
-7.481419 -16.911016 6.639900
3.659528 -23.401099 29.433573
14.567620 14.801393 -40.231422
22.410754 -18.231781 13.029087
8.685162 2.080983 5.654791
15.227974 -13.512791 -18.311606
-0.307602 4.464316 0.584242
-23.884073 -20.186114 18.861748
-0.845628 14.636966 26.112790
-19.276712 -26.572544 -38.652343
8.205693 10.761615 -35.112685
-6.224867 3.583959 -0.298917
2.380685 19.400160 11.548032
9.098398 -5.138373 41.922075
3.078253 3.536500 25.147661
-4.022313 10.204399 -43.687128
25.488801 -22.496158 -10.605040
-25.713103 6.582935 41.436239
24.103784 23.215858 -17.123579
-3.740950 11.900580 38.663460
19.284092 -2.122594 7.084717
-6.865211 -1.201444 5.374245
-19.294095 -24.579568 -11.969884
-15.590189 7.433363 16.694095
18.401788 2.378661 -31.139012
-19.416444 0.044064 -4.211413
15.360864 -23.505421 -28.204730
-18.023126 -14.114715 21.978334
-11.457911 -1.227130 13.644516
12.740122 10.367724 21.651668
1.625994 22.689060 15.978604
18.166833 -4.153020 30.277007
-24.441814 -0.353243 37.893570
-26.846972 16.033178 -7.152010
-12.851168 -12.636968 16.249862
-14.352343 10.660594 -29.450271
19.272413 11.760240 -19.939937
18.949338 7.978470 23.331717
4.421758 -27.283517 -8.814255
-10.379944 25.230896 -0.710667
-9.876028 -15.809299 -5.140872
6.237845 -18.113324 12.613762
18.749986 1.150629 -19.769670
2.719146 -9.321382 -16.405274
13.917457 3.452466 -33.817953
11.212922 8.795343 34.884489
17.445661 -16.885555 -16.995278
-6.117383 24.031445 18.085880
1.653836 -3.244600 19.815739
6.510292 16.002943 -3.278125
4.402837 12.413989 10.399869
-18.348458 17.712079 44.242920
-6.090208 23.331784 -4.813392
-22.500678 16.731750 -39.143323
-5.436092 1.660211 31.519919
-12.077438 2.526559 4.147700
7.963766 25.907051 -31.868075
16.635157 -5.712282 -34.141721
-13.610253 -8.017869 -26.986669
10.501403 3.906210 12.947050
-13.643514 -15.425403 -27.915916
3.404658 -14.086453 7.676085
23.936570 4.529733 -23.450843
20.847651 13.722439 24.043280
-0.644243 2.592676 -29.811932
4.359689 5.316846 -19.300881
-2.120250 -1.550719 5.972830
-4.077485 -5.032639 30.595426
15.044011 7.272251 38.206023
11.475782 -6.195937 -35.433369
26.287116 11.842839 2.541627
-14.503415 -25.265236 -30.631359
-0.695325 11.425897 20.174292
-4.349053 -5.984422 12.336161
-17.064097 -4.797088 -37.330744
-2.285419 -25.897286 -9.788936
-19.587959 -7.410495 -2.421970
-0.008691 7.086281 -28.624931
-26.121203 16.188359 -30.579628
13.307446 -2.338951 -33.943263
0.278679 -12.907697 39.387632
1.489996 -16.350393 18.333567
-23.656523 12.677924 25.089774
-12.077264 -2.743367 32.168378
-8.953608 2.822595 -22.097930
-8.784282 -4.638365 31.078344
-6.502016 17.230546 1.270180
10.772254 -9.598841 -30.430689
8.295026 5.679044 -34.412224
8.567362 18.596073 42.379507
-20.733700 0.492958 -31.918162
-20.911758 -2.522938 -28.942848
-19.410620 -22.968603 33.530684
-8.009845 -20.755056 1.056075
1.881016 14.554639 41.989376
-2.646816 -10.693188 35.952796
-9.464985 5.058350 28.449101
-25.358110 -3.459989 35.820787
5.103298 -15.159991 -35.297252
-25.762772 13.857424 41.785128
-2.551320 1.450730 -35.520387
17.110265 -15.558681 28.768059
-24.532370 3.646633 -37.701681
-16.906196 15.009744 22.182712
3.833652 -20.141371 -40.676819
-26.008963 2.886448 23.180491
-13.453889 -3.582152 -19.365002
9.177944 7.708523 -0.146520
18.805998 -7.433550 -37.185179
-20.164334 -27.158404 -21.929745
11.042191 15.157162 27.424964
16.442961 -12.212495 31.686307
23.023879 -23.311332 21.586844
-14.815604 -19.076911 41.019850
-10.823042 -6.220510 -21.539378
-1.021494 -16.530274 -18.958976
-10.455832 9.622058 3.904392
-20.741084 3.222908 30.765550
1.738982 21.892958 -40.034323
24.740559 -13.794076 -5.965645
7.513187 18.833936 24.077127
18.804884 17.553234 -26.457350
-11.227366 -16.663963 -10.808409
3.033844 -3.287349 -24.908288
-17.480785 -18.291480 -21.732229
4.828776 2.614556 -0.481527
-19.503897 11.057001 -26.036076
-23.573313 -22.996865 23.743129
-15.408170 -22.918452 31.973811
10.532659 7.869786 25.841057
-4.260394 -1.602195 -5.227357
-9.157117 -9.799539 -20.193317
-7.493427 20.696502 -37.567112
-4.411508 -20.094142 -18.422231
-20.800221 -24.119939 11.324575
-4.562346 -26.821949 -29.962548
0.595238 -13.277972 -43.109224
-3.972351 7.609918 22.638385
15.477938 -26.074472 -34.104890
23.836529 14.899077 10.372826
-10.583133 -6.786119 42.853828
-19.593212 27.682703 -43.549673
-12.880985 10.228143 33.403801
19.367833 7.668072 12.721232
-3.804118 3.894648 5.438272
-24.799311 -20.009608 -37.954744
10.898953 6.293718 -7.145492
3.143581 21.434881 -2.069849
-19.307695 -3.825069 -3.290405
-16.682060 -12.101492 16.327250
24.859956 18.710718 -20.010730
11.160903 -0.064692 7.765775
-1.946672 -17.001601 -36.786892
-21.361020 -8.791532 27.229547
-0.897898 -1.451519 16.417471
13.104284 4.031476 -13.836227
-1.580644 15.638273 29.532030
-7.054589 -26.704623 3.774112
-12.489556 14.342292 -45.296691
-25.872303 11.192830 -17.745322
23.017026 -4.933701 24.779334
-14.902557 12.027343 -20.022075
5.871580 21.702559 41.798952
-19.667877 -9.319135 5.140515
17.888803 -22.646375 16.134055
-9.702233 11.071474 -15.180172
21.367581 12.846156 27.417488
-13.678800 9.096356 8.989547
-12.697637 17.350409 16.823313
18.652025 -21.005505 2.545799
-12.256973 12.824396 -0.203988
-13.267934 -14.554147 7.054707
-19.043678 0.944562 -17.513190
6.305119 17.997139 28.816881
-13.473104 -15.014035 -13.130364
25.528675 -0.613045 23.949203
-18.213021 -20.455483 -11.140522
19.738446 -8.175759 -27.754472
-0.816635 17.735360 -41.164959
-24.482504 24.255335 35.743754
22.844977 0.823343 10.701192
5.676850 8.628311 -16.865316
-16.986377 3.755214 31.315979
8.322094 1.847662 0.335724
-5.545104 -23.844964 -16.156147
-11.228943 -2.989154 -0.448352
1.084549 12.372190 -7.324570
0.648020 14.197329 -13.408664
-18.601496 15.816591 -19.029648
-21.235770 10.189924 5.170487
-20.070089 -18.114740 3.652945
-24.025501 -8.065870 16.370321
-16.181385 18.949060 -10.409011
1.439708 -2.409810 -20.444184
-24.824113 -7.991267 10.562714
-23.412799 -23.249184 -39.647848
-18.766130 -3.878074 17.797263
-14.605445 -4.810429 -22.698401
12.383720 -28.746163 -40.709763
-23.423635 -13.052787 -23.920397
-18.143509 -23.734155 -23.624000
26.277412 -10.591161 40.805561
-21.848286 8.693074 24.518703
10.079228 -23.515243 4.248885
3.209522 13.489019 20.364169
5.574581 -25.828523 35.017853
-15.433109 -11.446136 22.405758
-22.568171 13.390476 14.318911
10.820758 -12.721741 22.154855
6.156967 -13.363440 4.213572
-7.495502 8.574619 6.754112
-20.260583 -12.089668 29.873986
19.301901 -0.323894 34.392160
-7.413888 -4.985311 -0.098835
13.208544 5.185809 35.413879
14.293731 -6.030646 -5.861415
11.097539 17.676950 23.966662
3.325979 9.778336 -20.063496
17.936896 16.373382 -13.332814
-23.172219 -17.416298 24.902027
-20.017303 -10.383524 -14.434975
-2.132314 16.709117 39.153320
-22.103357 6.997274 -7.525405
-22.534461 11.107521 -40.969666
13.994190 -18.841398 42.398267
-8.238315 -26.986775 25.664837
23.898441 -20.075309 43.031781
-18.243305 -12.677429 41.262163
12.505539 19.701154 -10.167310
5.396779 3.137203 -41.541320
-21.802241 -9.027019 -10.611026
13.443148 -19.997727 -23.236871
-16.125105 -17.961764 7.059025
-15.558621 -11.429355 -14.521064
1.029748 -1.898039 8.315704
-21.359054 19.324638 7.974554
-13.275813 -13.692493 -9.298500
10.766847 13.329510 -27.302676
-11.138508 -10.562536 -7.753015
-13.422878 -26.780107 -35.731878
-23.048608 8.430277 35.400094
0.924757 -24.307714 4.200148
0.655414 -6.377430 24.751580
-14.909260 19.861838 -30.090268
-5.829149 16.903204 24.978560
-1.323589 25.692225 30.732473
-13.891756 6.204506 -15.681214
-18.199719 3.678472 11.999287
-3.918057 25.856821 20.553765
-5.241643 4.475187 -23.445044
-3.437751 9.289776 -38.720796
9.015863 23.589901 4.749766
9.140901 7.072224 15.157156
-6.614706 -3.972586 -8.033444
-22.084295 -13.153500 20.207723
-19.687304 -17.097412 -33.446424
2.126422 7.563549 37.922439
3.333715 -11.721050 -31.223630
17.622988 -6.393903 -15.265718
13.104314 -16.129118 -0.660553
5.699183 -14.564433 14.806882
13.670101 -10.024512 11.411943
20.653780 1.446350 30.699450
-4.873555 17.495684 10.815195
-15.035904 -22.977414 16.871209
-6.651944 -4.507834 8.177251
0.220132 -13.841680 -4.816313
-19.100038 -3.483909 -33.029803
-10.133892 -7.177509 -37.703135
-9.564722 -10.502028 -40.540593
0.918948 19.198800 -36.787913
-2.513219 5.416898 8.607644
19.534765 -8.472136 -41.788554
-24.127145 -11.217570 -34.573557
1.712945 -26.802291 -14.643403
-25.217458 17.870583 -20.976694
22.762643 -12.220932 23.286524
-15.443827 21.772835 -39.526576
23.231627 18.225441 41.354697
-14.019349 -21.325219 -43.450988
-9.723976 -14.862691 -13.956047
21.568346 25.673526 9.802984
-11.282042 -16.939907 15.944697
-0.447079 -3.440598 -42.787133
-1.683923 0.340730 -8.498475
25.252717 7.676737 -17.953195
12.854032 6.139559 22.847606
-21.991364 -17.212883 -30.428347
-18.169263 -16.103723 -28.915055
14.552783 16.273858 -2.541866
5.364057 14.470128 4.400526
-7.659898 -20.081785 -25.634680
-20.361079 -13.740791 14.660701
-3.402736 -14.143990 -4.758188
19.206057 13.791817 9.557505
7.434746 7.127390 8.922629
24.922687 3.056434 -17.950558
-23.861910 -12.345982 -29.595370
-23.951006 9.568602 28.539596
-0.390242 -4.796520 -37.033860
0.300845 -20.615964 32.314058
-13.830751 18.350601 21.254424
0.527993 -13.081285 33.918645
-1.351849 6.564416 35.301915
15.482289 16.527239 -35.899589
19.030781 17.566926 7.758564
-20.684897 19.233002 -19.954656
18.048703 -20.836239 -14.344710
12.584539 9.312182 -14.337972
2.434368 -20.449312 20.948028
-21.320683 -6.258537 -33.337091
3.552325 16.243327 -11.275916
-20.741082 0.964373 -36.466391
18.374539 -13.579776 22.884290
-3.355252 -5.206983 -5.173808
8.170336 -8.231056 -34.613599
-21.659339 0.678544 -24.564811
-16.658042 9.203314 -21.790267
-12.257964 0.018435 -2.205093
-19.183171 3.356413 1.967472
24.223140 6.607643 15.005590
-14.732358 -10.648162 13.493356
-19.855494 -26.319645 -34.031666
-25.914258 -14.996711 -31.615151
10.716715 18.138259 -28.634012
17.293923 -21.206535 7.856842
20.170904 22.172194 -2.963547
-1.468242 2.751485 38.165531
-13.191116 -12.095839 -5.080457
22.087357 -12.307851 -31.469792
-2.101255 -1.236731 -20.552203
25.461742 -24.752168 -32.612991
23.506804 -24.372088 9.600901
4.098496 9.365574 -13.652458
7.556812 2.034803 -34.626014
15.379663 -14.636300 25.438158
14.278599 9.605211 7.382185
-23.407501 -20.121439 5.490936
-8.800782 15.472351 -9.754861
-10.844354 -4.310830 6.730307
20.425560 23.798196 -14.656776
21.829439 20.587772 8.685368
23.691802 12.060846 -17.807613
-9.674473 -20.327622 -30.892619
-19.477371 -18.706671 -42.855407
14.236586 -14.085339 12.926913
-22.838593 0.660832 -17.140524
1.501922 20.168789 -30.943402
18.494374 -22.470654 22.364111
6.842709 14.103970 42.755304
-23.039024 3.335243 -22.690339
-8.895530 26.641599 -18.159506
-7.390643 5.110200 14.427738
9.895596 -7.250444 -11.298437
25.261126 7.547114 -7.094059
18.801339 -18.704275 -8.717330
-16.976748 10.858469 4.952428
-0.861090 4.619171 12.016710
11.402994 10.893403 38.934871
-8.377159 -6.615472 -2.821909
18.619837 -0.235361 41.821691
-21.521501 11.057648 -22.994595
-7.953611 19.216054 20.415146
15.620284 -10.214097 14.526184
-9.722518 20.009657 -33.396060
-8.318757 5.745724 -3.638946
12.932309 -9.854871 -34.796082
6.436102 -16.887156 7.902121
9.969505 -20.022814 -44.174960
-6.531106 26.069245 23.425224
10.942859 9.810246 -7.528764
19.332283 1.915739 6.734898
-2.851577 10.619889 34.799190
18.701278 7.893138 32.263549
0.714024 7.692038 14.881402
-6.509121 26.483600 43.112069
-23.770173 -3.674210 -41.720388
-15.881847 -21.508847 -15.047515
-5.058308 2.928976 -28.547454
19.702873 -2.678654 2.278251
-4.846186 7.545723 -31.375006
-20.629135 11.199332 33.760120
-23.909940 -11.862549 11.921326
-2.849994 19.566186 -32.087384
-12.665512 -22.352154 9.061033
-23.175771 24.580815 -17.237525
23.074430 4.725815 2.740588
11.940886 23.634914 -4.923752
15.389594 -6.188075 -9.742026
-10.107587 3.391379 34.248969
4.258273 23.017985 -24.844650
18.782058 -12.192696 -33.387181
23.710702 -20.553214 -24.395782
-17.643591 -1.231725 -37.596124
11.368170 -6.615644 -25.674535
-7.988308 -3.140887 -4.755538
6.187172 -6.721427 32.486964
2.436183 23.717178 -18.337433
21.931337 24.898674 -35.477876
-0.387786 -5.859766 33.511726
15.150032 16.424413 18.432385
14.513967 2.365708 -30.444044
-2.374626 15.202530 -26.226759
-10.736334 6.019969 12.560917
10.819158 -27.585387 -2.164734
-14.568426 4.587402 -26.126749
24.829164 8.707558 -33.302628
9.273744 -20.912062 -12.842279
-19.849936 -21.240386 -14.893966
-25.927376 14.390407 22.524777
22.860733 -5.856892 6.281190
-18.461634 -14.167149 2.736104
16.630712 26.675593 -10.986046
-2.803747 -10.821711 -6.915870
7.388880 -16.269076 -20.277477
-12.348024 23.451571 29.745858
0.561249 -15.829533 25.560580
-11.000101 18.574659 24.338478
22.934165 25.395842 5.975097
19.733588 -26.836845 -28.722968
11.234532 -13.229097 41.843874
3.605819 3.019674 -37.514971
-5.020621 19.119270 -28.300973
-8.701142 -5.479305 10.978295
18.800149 22.740927 40.209718
11.926481 -3.582540 11.060374
24.836614 4.925377 -36.346814
-2.833238 -14.025389 -29.140550
-10.733157 19.133533 -23.446173
-14.557519 15.169333 -29.680965
-10.074522 -20.444957 -35.205461
-2.889864 14.950342 -11.324011
-11.461554 5.505278 -8.098993
11.826012 12.469098 -12.037931
22.004530 0.481079 40.284731
-14.456865 -21.563341 5.830828
-11.619389 -24.708458 -14.562518
18.485500 10.492968 -5.452266
0.026787 -10.780179 -10.048038
10.420947 -3.052011 3.252181
-5.459763 -7.061543 42.971032
4.238270 -17.034029 31.249329
-3.736303 -2.294323 -9.636435
-16.300043 23.323675 -7.314090
22.960024 16.351240 14.952329
-13.606602 0.344984 16.598226
13.318071 -22.222702 6.509354
8.422062 -22.560575 -37.730399
18.821727 7.590793 -19.754128
-3.322663 17.007343 21.958101
-16.993047 -8.327418 -27.036817
8.585719 -6.059896 2.004443
-15.169883 -16.967075 26.132227
-21.011339 -1.276328 30.336394
-11.611802 -13.985535 -40.892734
8.322427 -7.281429 -4.731369
-10.020730 23.152491 -35.686949
8.034184 -6.367651 -23.768139
-1.033201 13.895415 -39.330687
-20.658638 17.453128 32.016524
-3.972335 -22.380817 -1.567059
7.324593 -6.458411 -1.547949
-18.650937 -19.599809 -27.920338
10.466107 -10.107363 -14.229969
-1.890669 4.270114 20.996785
-15.155152 8.862208 -12.451599
-2.540626 9.315594 12.829799
27.867858 2.965097 15.558238
-12.833670 24.323011 6.657801
-1.672301 -25.687773 -26.587517
-9.490988 22.280540 -3.224657
-8.428536 18.871232 -12.088092
-24.385938 23.125756 21.179255
-17.237570 -23.652183 -7.240747
1.934267 -12.314391 -36.279281
8.404615 -24.244521 37.865882
10.260870 -15.117655 9.707362
-13.066111 22.421051 -3.101188
-15.647752 -13.845823 -19.608181
1.835637 -25.066743 -28.090117
25.424268 -11.174067 -24.753165
10.697485 20.454061 1.564206
5.352536 7.093584 4.580643
21.907603 21.164534 12.753864
-9.893466 -11.977959 28.047717
-4.582672 11.121473 -28.601913
13.317308 3.825771 -40.519502
-5.308448 -8.242716 -7.554668
-10.591582 -12.846847 0.804218
24.868834 15.074361 35.240084
-15.332875 -24.812274 -12.299760
5.520045 4.860512 -5.089357
18.490559 -0.370856 -10.705355
10.547838 6.135593 19.759006
18.100452 -11.480106 27.868333
21.909407 24.889901 -10.274708
-4.552476 13.058315 18.104099
-6.817131 22.606568 32.778533
22.966114 7.319507 27.134077
8.422924 0.627431 -4.228023
-2.573605 18.365767 -12.258300
7.273329 21.608543 18.479381
19.134021 -7.372811 6.839509
20.571688 -3.910429 14.164805
5.058520 17.418894 40.342251
-18.596551 5.297359 -44.418126
4.176181 -2.884701 9.211190
5.451104 -1.106801 43.214464
-12.866650 -15.669847 -19.141141
27.098190 -15.612359 40.074743
19.297089 19.112613 30.498575
16.770514 -4.526338 9.500581
-8.466331 -23.715726 -13.154300
-10.022339 22.945825 -14.032498
2.403364 14.539322 -19.568039
-22.954299 -2.514837 42.286147
7.863156 -5.444606 -37.315776
16.237736 -10.835871 -26.020386
-14.103479 -9.757095 19.197144
-25.137123 -6.021290 -12.755822
-26.646019 -4.687445 -35.285143
20.034523 25.379676 23.379026
14.820726 -18.310311 -4.163581
17.769641 -24.766301 25.477833
4.540429 12.693052 -14.645484
-25.803152 -4.809007 -18.326235
10.341133 14.134226 11.467189
-20.241052 -14.453657 -42.028688
-1.837457 22.877960 -40.158006
5.084156 -19.255208 -12.685342
-21.499921 -23.772124 6.929657
-10.652432 -6.103679 21.987130
-22.149389 -4.639261 31.217308
-12.278393 4.175322 -1.548446
10.078982 17.952109 -37.370350
-9.716207 -5.950026 -11.707665
-15.395474 2.630382 27.208817
12.338424 9.016723 11.778886
11.292193 17.553345 -13.461850
-0.589264 -4.584871 -16.519244
1.147572 18.867198 -13.438508
-10.728209 11.174834 23.429351
-10.643526 14.935076 -14.163566
-6.970417 14.428685 11.432601
10.633192 19.304734 -43.105524
-25.888625 -0.657704 31.871991
-5.277835 1.377530 -38.011601
-9.932872 1.284841 0.399603
15.171066 3.920887 12.755318
-11.643588 -18.918655 20.245804
21.682178 -16.147125 -14.574244
8.212429 1.752986 -24.869692
2.915828 6.150999 -33.088786
2.323902 25.278397 11.463706
-6.379493 -6.839821 3.540314
23.787434 17.255267 2.488218
-13.973358 7.906292 3.276991
11.094327 -22.523682 -8.957753
10.065277 -1.155843 42.117873
-1.683821 -11.972083 -13.125825
18.867225 -9.018645 -9.076375
-10.649568 9.713466 -39.984502
-22.008185 -20.106694 -3.971332
-5.443739 16.193992 29.069342
21.362403 11.235433 13.143122
-2.857335 -13.679538 -33.358661
5.135989 -5.962827 18.690516
-3.433359 24.810544 34.700278
-17.018308 -20.420864 9.425183
19.329155 -4.054475 37.994735
-14.054656 17.638176 12.657806
18.627715 -13.415132 -23.789472
24.988309 21.465644 -35.213633
-9.840676 -13.338324 33.939204
-9.619042 -9.688218 -23.993898
-25.032534 25.433567 -36.387551
-5.617688 11.669634 -10.941344
-14.307293 10.087249 13.257702
-6.911789 -4.286673 -19.793399
20.885431 17.977350 -4.669573
-25.169468 -1.415451 -38.178544
-3.741515 16.034169 7.069743
10.348806 -7.493828 6.255875
-6.745563 -14.428558 16.797109
-19.823855 19.709472 -24.182880
-3.449470 19.375410 -15.569771
22.824384 -7.135334 -5.168152
-12.886113 -22.963407 22.975538
-0.136673 19.894003 34.972880
-8.381391 13.494796 25.003873
-6.774850 24.950421 -9.266317
6.814003 8.652618 28.589479
-23.978255 3.374833 -13.713888
-23.779011 -3.679256 10.857507
5.010577 -4.902338 -41.985135
24.306744 3.795890 -6.367790
9.854086 -25.968829 -30.046793
22.421662 4.520913 -41.821180
1.212388 -6.909995 39.629925
-19.576369 19.141082 -15.416146
26.429108 -11.611680 6.139699
-4.887335 -11.099402 -27.247548
-4.847705 23.270767 -17.695925
8.873862 3.194930 -28.023049
10.552271 14.674188 -41.160469
16.931920 -17.559665 15.870530
-7.726936 17.316050 -36.715203
2.908983 -2.159358 38.908436
-2.475089 -18.835223 -10.230028
4.943485 2.056968 -23.124063
-2.033252 -4.143695 37.644678
-15.063554 -15.517013 13.586059
23.452334 20.735369 24.706211
4.305509 -3.534333 32.941534
26.576343 11.084801 11.093589
-21.283481 -18.466872 -9.009909
7.642525 7.626600 -5.083249
-2.855958 -0.091978 29.621862
18.913016 -3.303669 26.709527
-17.469487 -20.712686 37.548959
-14.274162 -15.346349 22.629511
19.855401 -1.672375 11.087803
-25.536409 1.417707 -42.453797
0.387101 7.328975 18.667662
24.557821 15.174160 25.110874
12.935699 -14.595185 33.186491
-2.105835 2.673605 -26.207041
-8.514813 -7.266696 7.108830
-0.119698 -22.486355 -17.246704
-22.351130 8.487715 -19.551018
-4.322904 22.942082 -28.993939
-21.535118 9.201836 -34.390555
-16.290196 11.179275 -9.310190
6.584182 -8.048989 41.248362
9.528436 27.202758 -4.997919
-3.850490 5.602211 38.281926
21.285681 10.933976 -0.605378
-20.415290 -2.913707 35.481571
18.795774 -23.595376 -31.438069
-16.382254 -13.861866 -2.850278
-13.021042 -24.009862 27.512853
1.550479 -2.208194 12.932534
10.389780 5.032473 2.070786
-17.344207 -7.672320 -17.028672
11.200138 -17.323187 30.076302
23.976238 -20.100951 -34.813692
-6.887488 -7.716798 -40.015123
-7.269329 10.565118 -23.392171
22.060270 -11.253735 -27.133177
-20.673986 -6.048917 -21.259179
7.284172 -7.530089 -43.770534
23.804148 -11.759088 -40.255861
11.129322 18.764529 -23.122979
-14.400330 -26.762548 -24.895590
11.893441 2.571567 31.623613
0.257422 1.189905 3.709814
-7.163175 -4.637124 -27.516842
-24.849703 -13.288873 8.540294
-9.588290 13.051061 -35.633769
-7.568755 -0.642875 -8.962690
-2.726719 17.771380 14.209307
-9.914604 -8.813050 -31.384527
18.864113 11.574565 30.514589
-23.734483 11.842464 8.502178
-12.830458 -15.241543 39.025786
11.283887 -23.631277 40.387959
6.418158 13.768542 18.790320
-15.464494 -14.220244 -37.984103
-8.297094 5.710749 37.644148
20.024558 4.024217 43.182143
16.594267 -7.582469 4.118981
5.346197 -15.867370 -3.025492
-6.027459 -20.242542 13.560943
12.564126 -19.756132 -37.211739
-10.249038 22.732687 26.380416
-10.085812 -17.097563 -29.061904
15.645930 19.411022 38.424786
-8.734715 -15.081930 -37.867426
15.686417 14.928585 -27.363080
4.206004 -18.713140 24.992530
1.430228 1.386736 11.253035
-25.354363 11.558608 -26.107574
12.906775 24.874988 -28.403154
22.103573 -4.874715 10.038818
-1.190186 -9.356683 19.000233
-19.251388 4.384119 -8.880800
13.848411 -8.009451 -2.618774
-0.697404 21.721782 -0.544871
11.552290 -12.033180 36.436017
4.006586 20.795532 -14.834131
7.668785 18.458601 -8.670056
0.672673 -26.369311 -32.172910
-2.163849 -9.115066 39.893368
11.922581 23.485068 30.549165
-24.139222 -11.817054 29.853227
-17.752085 24.354653 -31.994640
-12.343765 19.988048 -15.203330
3.120094 9.075852 28.233799
10.183681 -6.199823 -18.779529
14.359211 -0.198223 -15.591500
-8.568128 9.928846 -2.830351
-7.951919 9.041347 29.635839
18.109010 -15.996531 -5.522772
-22.335003 23.372338 -25.128994
-4.993349 -11.508953 10.068130
2.546207 -10.951278 -12.770008
-10.154342 1.010170 31.235161
-14.106274 6.911844 -19.757187
-25.893177 -16.129165 -24.399632
-19.713259 -5.320196 12.415441
-8.660039 -24.125548 -1.139146
18.317397 13.895980 -30.784910
-2.912381 19.197443 26.540251
26.131260 22.611914 -13.181981
9.672285 10.041429 31.521444
-19.493094 -5.756616 24.233112
21.711112 -21.003350 -1.107455
0.000550 10.640429 24.914204
0.043109 -7.987670 -13.321387
6.613136 -22.091616 12.499277
-9.569150 -10.088496 31.327873
8.717213 5.767411 36.349152
11.617902 -0.491158 -6.909968
27.077435 3.349959 11.266594
12.739859 11.242008 -32.831697
-18.977251 -5.797196 6.408484
13.249520 -11.031547 2.820229
-22.299966 14.890644 10.855058
13.499971 22.447556 -21.973244
18.720541 -18.919586 29.437553
-3.470681 -10.864602 6.701769
10.281312 -13.452155 16.874246
1.402760 16.143258 -7.342900
20.038705 26.267276 -23.068136
11.297217 17.215669 9.051870
13.477414 -8.165303 22.578696
-22.124519 -18.062649 15.308931
-12.007231 19.370716 -27.567237
-10.976830 15.300767 26.803012
20.846183 10.520209 21.651746
16.343666 -0.361850 31.164665
1.086861 -16.779656 34.136551
6.863455 3.787618 15.630136
6.194712 5.844004 1.287148
-23.160853 -7.957096 -16.062123
0.930122 -18.609603 -21.685375
3.386777 -22.513317 33.306740
12.105300 -7.575433 2.687998
6.923625 -22.746724 -16.143978
-6.576429 11.892840 -37.392675
-16.996174 -19.271026 -39.913668
16.646242 -12.572180 -41.837157
-25.176329 18.559414 19.067622
0.478911 0.212754 43.575535
10.956587 21.371803 -35.036924
23.746822 7.820976 41.018507
-22.577897 -9.194819 -6.970651
20.880842 14.038796 32.473611
-26.197758 -18.705430 -3.086680
-10.463331 -3.703291 25.192941
1.329884 -22.746463 -20.928571
21.404086 22.532270 43.313155
12.801729 10.969145 -21.652006
1.478649 -9.990851 41.871559
5.382227 22.508381 34.196558
-25.132364 -17.169171 -20.914274
25.059393 -8.877000 36.383239
14.407484 15.659163 -17.083378
-14.011728 8.587949 30.042559
15.665787 3.878610 6.936884
22.784647 -9.921295 -9.448032
17.000938 14.689186 36.902195
-0.569878 -20.847319 0.116715
20.690406 -13.207427 -42.869743
9.138774 -0.098477 33.595161
-24.439589 24.230508 16.967989
22.834937 -5.690575 2.727355
25.475195 -1.028848 -24.704302
25.207924 -10.063879 15.818145
12.773082 11.058247 -37.569144
22.092482 7.496134 19.427561
0.429947 -15.588164 -34.079279
-10.409626 -13.521303 -27.033097
6.430240 -8.933002 -39.757353
-5.058829 -15.141676 -37.348579
8.518996 18.513339 35.004567
1.184825 -3.126828 3.719849
18.305404 -20.182394 12.624319
-12.877618 27.040309 11.293098
11.809302 2.536460 -9.631963
-15.570199 4.045801 23.394442
21.447931 -11.566037 3.352471
-5.677785 -12.548531 -21.878753
0.862724 -18.168299 5.891778
-20.494237 3.591929 8.975152
-4.916358 -26.192863 35.521265
5.993777 9.893720 -31.392690
-4.489740 19.095465 18.099400
1.955256 -24.557852 19.651736
-0.016234 21.244580 -27.304364
-23.491029 -16.089075 40.576675
13.604930 -2.043505 -4.427081
9.604168 13.419765 21.606915
13.413892 -1.100257 17.624531
3.129725 -10.052354 -20.392636
-15.789933 12.405121 -2.586506
-7.103593 -8.947530 -44.140989
-16.425836 -7.395823 33.860178
-22.758024 -9.240635 -31.391632
-3.199121 17.162581 -0.404686
0.390682 16.665518 22.681188
13.979115 11.647084 35.193325
21.351767 8.997022 -16.885230
-18.073417 22.785395 40.460909
2.976650 10.408719 17.669790
0.978472 25.778252 -25.312404
25.148066 -24.790280 36.591129
-4.379066 25.666264 12.282852
-25.779352 -4.230265 -25.995912
-10.771510 -23.905431 -9.634574
-15.306732 -20.171430 -8.066797
-20.462691 -21.197773 -21.141277
9.833288 -0.601388 -29.170909
-13.205919 9.593638 21.107517
-25.000827 14.140890 -42.036902
-16.902861 17.533132 33.266649
22.552176 -18.410605 21.386176
20.822099 -3.643401 -35.812701
6.087215 -11.558864 -33.088052
-2.769945 -25.120133 20.016230
-22.657635 -5.210226 26.383419
21.150679 13.709261 -4.573740
4.823062 7.197404 -41.657355
-0.678344 11.313331 -11.317139
-13.841767 -14.704543 -22.983816
0.393782 2.254820 31.863764
-18.948284 -17.821832 -4.990690
13.475270 17.528701 1.254505
-16.145025 14.459677 2.126009
-23.459882 -16.019391 -34.888083
-18.711874 -18.075286 42.903718
-18.738959 15.332311 -36.207590
-24.587367 -16.180304 1.978048
-24.450194 -0.074365 10.005438
-23.141298 17.349287 -32.894734
19.875895 15.071442 4.843475
7.029522 10.005341 19.675229
-18.737057 9.414824 -29.623255
-10.516768 -5.095766 -17.363162
-18.940570 15.956043 -2.190622
-6.990653 -24.562612 17.311022
17.661453 9.223587 -16.112636
-8.563575 15.947603 -41.133595
-1.320482 -5.985084 27.914455
6.589828 -20.281098 37.041868
12.811981 -21.663577 15.462681
24.536879 0.695133 -8.320937
8.952406 -25.928706 7.276337
-14.795118 -5.139111 18.951754
-15.464104 2.180448 9.369691
14.485215 -9.398744 19.151153
2.229896 12.025205 7.840182
-2.905463 2.965237 -2.703656
-1.643094 -5.318017 41.685767
-11.349372 -0.076391 38.042249
-15.717990 -3.395852 -26.726089
-6.668400 21.579827 28.152737
11.482133 22.680624 -17.647050
-21.577888 -20.350415 36.884843
25.416499 4.945297 6.684098
-12.854710 -19.442129 -12.904496
5.565042 -2.644115 -12.796913
6.000205 3.482853 -31.095747
0.257171 -7.926452 -25.722984
-6.312565 10.902085 12.781483
23.590550 -26.040148 -38.159823
-20.425967 26.039433 30.597777
7.598756 -4.910489 22.155963
4.936584 -26.522767 -33.840516
18.482711 17.442411 42.601787
16.577607 23.307960 28.640458
-1.930495 22.161298 28.371016
16.315792 -2.846302 18.673785
-18.142872 -4.259644 41.727410
6.042994 18.778854 -18.202388
25.578734 11.635335 -47.481453
-8.779851 20.774252 17.018643
-15.953249 -7.520283 -12.465174
-24.301523 -22.685548 2.477427
-12.389163 -11.335400 -44.033620
5.990654 -0.697119 35.939793
-20.915334 5.992195 -1.632411
4.633808 -6.383775 -20.829356
17.159507 19.097029 27.221760
21.167723 17.267918 -35.278313
-4.795945 -15.308539 10.140416
-7.913016 -16.515790 31.661222
16.861391 -13.272634 9.119957
-6.308394 -22.349197 -10.049033
-22.298444 18.902519 -0.458460
-20.300363 -12.931904 -33.139617
-12.912628 0.975899 -27.778577
24.967221 14.759865 -15.069940
7.477572 -20.300909 4.802750
17.658774 -10.298368 42.352432
24.692865 -3.410091 43.549489
-6.021263 -16.753529 -42.003227
-23.151403 -3.110412 -22.260032
3.894907 -15.490602 -13.491460
8.265389 -4.546376 34.396095
-18.278748 -9.316267 -31.393797
8.303338 -21.033668 -29.877551
0.715943 -24.247631 41.965220
12.971410 26.975556 -37.126542
-7.248519 -14.922279 35.721482
-8.966426 -10.166630 -27.786418
-6.203401 -6.967578 -34.802002
-4.837225 -22.410252 4.470938
20.597959 23.052926 -6.911653
-23.086975 12.682026 37.097292
2.776251 19.890216 -9.902591
-26.606441 -11.552688 -22.229131
-7.712900 -10.545841 16.891875
-18.573419 10.818049 20.704777
-1.295287 13.362988 0.263498
22.890223 14.789675 -20.620087
24.104512 24.385646 -6.048443
-1.987410 -20.731952 -33.587886
-11.909290 -4.655435 39.112533
-2.729435 22.065151 42.755582
10.538447 -8.489693 -0.705104
18.605139 21.724822 -19.859447
16.956293 -21.426177 -42.551151
-20.415519 -10.293941 10.363285
-6.547335 -24.879389 21.143307
14.060884 11.958667 -16.575977
-5.322553 12.858639 -25.652733
25.444676 21.765033 4.936446
11.302187 21.249061 -26.976474
12.565548 15.592779 -10.192494
-2.482422 11.453226 -35.719118
-23.714863 2.088568 26.430453
-4.217200 -19.817864 -28.270399
12.735850 25.060696 34.591140
-17.484244 22.845038 -26.069908
-25.275928 2.936835 -26.048873
-13.473814 26.056684 39.820937
-11.695081 -10.146722 -11.964512
14.844149 -9.348659 -39.696836
13.233577 -25.153358 20.351188
-7.493443 7.643636 -34.865204
-3.470269 -12.381761 15.155440
26.487128 -7.202947 -10.720771
-9.684879 2.137654 20.792658
-3.711719 6.146614 15.964673
-26.544191 21.837448 25.097551
-20.638208 9.894139 -10.913579
-6.381739 -14.648813 -11.676279
-19.581128 -20.289378 25.227438
15.346891 14.037003 -12.466755
-7.157694 10.410483 21.194608
-13.775061 -12.414261 10.155530
-8.794871 -14.144119 8.912506
22.697291 4.440512 -27.347044
3.758712 -15.463464 43.871149
5.997043 16.219898 -14.368991
-14.383910 16.679433 42.503630
8.197374 4.837678 27.551943
-24.074063 -8.128735 0.928884
13.096363 12.695982 9.003121
16.371281 1.173238 -3.531214
-14.279016 12.324287 18.785649
0.658769 -7.972958 -5.855702
10.816657 0.489209 -32.762672
-13.755027 -7.744979 -19.823911
-13.704081 21.946176 -11.209411
-13.673446 22.406019 34.720923
12.954348 -17.513815 9.111991
7.376831 -6.032735 7.864986
-2.682566 20.183937 -35.719514
9.392682 -8.076529 11.021781
-21.868557 3.679515 12.893750
0.541113 -12.568667 26.831658
-16.259828 6.588545 13.170643
-4.308862 -16.181488 14.450536
1.876110 23.336174 7.796552
-16.047954 -12.334086 -29.968243
7.638242 -3.569230 17.364087
-3.205506 -14.901910 -25.475664
-11.654840 8.663717 16.234118
-13.989323 -22.575549 -24.565282
9.314376 -13.427819 0.281699
19.560275 10.616295 -23.964757
1.979256 27.366861 25.255717
-24.747955 -3.195296 -7.886281
17.052213 8.528758 -36.149191
25.601543 -15.231320 22.280811
18.272058 22.435222 11.160030
23.860861 -25.625830 -23.568857
-20.495659 19.887740 39.298093
7.851917 2.783443 30.608240
21.128825 7.824230 36.274761
15.036646 -16.950547 -8.081267
19.592371 -23.702377 10.109100
20.100908 3.722506 -4.840474
24.249895 -16.399975 -18.159252
-7.065104 -0.092262 -34.507932
-10.509532 -7.879220 27.547398
-9.644034 18.366044 8.832832
23.579380 -15.008911 10.052421
8.931260 10.772145 -4.101291
4.396579 8.563162 -2.961645
-3.445638 21.365079 -24.986745
19.052052 12.307305 -12.978657
19.317345 1.296929 2.985046
14.900935 23.818620 -14.503621
-26.278038 11.503312 13.391541
13.095341 25.513062 27.364677
10.089551 25.717341 18.566601
-15.209268 16.387740 -41.811916
-12.038527 23.420132 -32.495048
-19.731695 -8.636511 43.071608
-9.087265 5.094723 9.057109
14.719493 -11.725127 23.185661
-4.351091 16.426028 -35.216443
1.989295 24.471089 -31.805193
-1.389978 1.798139 6.920341
-7.998410 -5.925312 34.491419
-2.809176 14.995596 -5.067590
-4.502844 -20.820290 41.331434
2.810171 -16.721766 13.506019
-4.285499 10.641895 -18.693792
5.700168 10.785727 -6.345676
13.184482 -19.089943 -11.967705
-12.779382 -10.988138 -17.255254
-12.102371 8.847987 -23.551950
-12.681251 -8.271142 10.966963
21.109056 -0.262099 -6.625822
24.205366 18.713084 -2.483511
1.489743 -26.322706 0.282008
-10.554079 7.328852 31.790292
-16.294892 10.847765 40.768450
-10.964997 -2.260941 -7.268226
16.470041 2.693965 39.620509
2.275608 -6.672352 4.664316
-25.333875 -17.135353 -13.647451
9.062141 -3.711696 -33.718557
-18.866850 -22.015186 40.999431
-3.553776 -24.144274 38.438513
1.180207 -6.898660 16.837424
-17.361383 -16.020619 -8.956135
7.209788 10.060580 -27.333242
8.590833 -14.555782 -38.622190
-7.338669 23.688137 -40.479019
11.687275 4.438430 27.709912
7.956285 -21.980629 33.236557
-4.157864 -20.278063 -40.113644
16.808192 13.634142 16.686824
-17.599384 3.720181 -31.352387
13.474391 -1.206943 35.260685
-16.594952 -2.583511 10.643464
21.110072 -21.080730 26.555587
14.114235 -21.230971 -7.322997
8.452673 27.212829 -36.343061
-1.288639 17.371372 -18.527439
-11.725669 -25.161383 30.888895
4.468383 -22.898085 -31.711946
21.632884 10.666276 -29.264937
19.075808 -19.449000 -3.952946
0.119640 13.816219 -3.891812
-14.382201 20.040695 -0.559209
-24.627560 5.841106 19.067656
5.641819 15.261272 -6.897505
14.565769 -21.972749 11.321222
7.635895 -13.636347 36.761917
20.486502 -11.399057 -2.508359
-16.422209 20.918428 10.578348
-13.208803 7.556750 41.583073
14.838517 16.494166 25.227331
18.291437 -8.824542 -21.804070
26.562793 12.054181 -35.084193
-15.852311 -3.541546 -13.084212
-9.855660 -18.380182 -16.407372
16.736488 26.185984 -4.628586
3.672910 -0.475949 20.050864
9.583275 -16.575355 22.111191
-22.854002 15.303728 -25.547473
-8.857785 -24.481592 -17.610590
-16.455945 15.019974 29.075495
-19.717245 20.178279 -29.411061
21.430941 -26.099781 -3.921339
-13.530235 -21.598353 36.110872
9.899815 10.288096 -39.635071
-20.800643 -14.434142 -0.768756
7.246083 -2.765425 -18.207051
-13.637746 -2.378367 -29.200327
0.726416 6.969566 -41.696234
2.387227 -13.045040 -1.662949
-9.739301 21.254625 -29.902894
3.526840 15.408515 -30.667797
19.077771 6.086250 2.095272
-16.669457 9.208226 -37.144482
-25.811994 -8.398660 -36.852333
4.117137 1.822494 33.079283
-24.075956 26.990265 -5.054339
2.982465 -2.238333 -3.107148
-14.448193 23.990675 -42.271343
13.265704 1.458456 15.357615
12.644888 -19.947366 -27.057476
-8.155521 5.234104 -26.003953
7.138567 -21.768290 20.593659
-22.841408 20.308825 29.810552
22.634377 8.073056 0.474624
-7.801763 23.827880 -27.190085
21.140830 23.570731 34.902950
-23.974676 4.661707 -18.811162
-17.680064 0.183426 7.492113
-3.772746 1.607364 -11.534877
-12.103002 -6.778532 -14.814739
-16.159218 5.554852 1.659941
5.741514 17.797108 15.522861
9.040954 21.241672 14.957657
-21.600755 12.843350 -37.070690
20.407469 -25.549352 35.841755
2.654567 -23.545233 11.599052
-9.348549 11.727188 -7.907310
21.076119 11.223839 39.580581
17.469015 -1.259603 -33.516903
-11.100087 -26.410880 18.604383
6.384986 20.725952 38.072011
-12.657921 -11.320407 -36.612547
24.468708 11.847381 -6.944355
-5.721598 1.514581 -6.810325
-3.117520 -11.562872 -18.382808
-2.107190 -6.142725 0.788305
-2.036904 -11.080105 -24.461651
10.062158 9.754088 42.247121
-21.883755 3.940173 16.409263
-13.791104 -16.460747 -5.988069
2.464293 -5.277887 36.453250
15.594979 7.971551 -5.857130
17.261654 21.535193 21.870724
-14.030205 -3.916526 35.258078
13.505728 21.229052 23.942412
5.492802 22.397115 -21.080539
-3.929438 5.634913 32.595356
-6.965117 16.575830 14.640020
5.139751 5.336326 29.910990
20.723801 2.669899 -0.951456
9.195403 1.759680 -39.960854
-9.943565 -20.242301 37.560662
-21.743616 9.052410 -4.065464
7.583759 -24.887430 -10.588509
15.103613 21.223932 -35.195179
15.897124 -20.618881 19.163593
11.496393 1.072669 23.518390
15.020559 6.184090 -0.118191
9.411567 -19.861021 -33.788490
1.215322 0.809452 23.046900
-1.371409 18.294354 2.945997
-12.850980 -17.774375 29.968998
14.569442 17.488238 -23.688050
-6.549527 -9.921806 40.736996
-8.446104 -10.383184 3.283502
6.057565 11.261741 0.242797
-5.949202 8.002944 35.160508
-12.915966 16.504396 -7.359321
-16.101017 -23.011367 -20.326854
-6.904307 -0.661051 -27.854193
20.895179 8.732073 -41.781623
-12.384201 26.043303 21.161675
-18.714336 7.522871 9.812188
-21.975953 12.037692 -18.899175
-16.939693 -19.658430 12.936491
24.681990 -19.194557 -7.734534
-23.952955 -2.808760 -3.365337
9.107981 6.600527 -16.774357
-16.266714 16.472413 9.835188
-6.802053 -9.632931 -0.934316
-4.975189 0.422403 2.480512
-5.158593 14.535156 -2.049617
-3.089313 6.413382 -1.969342
-11.010198 2.465208 -14.141421
9.054806 18.002062 18.967081
20.444857 -9.167015 -34.286573
13.013660 24.280527 7.231666
0.572079 -24.779319 -7.176202
20.522014 -24.209273 -7.923528
2.107281 6.639971 -16.643794
-16.891688 -3.787318 22.045615
-2.477848 7.155937 -15.758903
16.596486 12.412962 -34.865141
3.866194 16.823007 -0.930235
11.802243 26.216813 41.710523
5.321970 13.115784 27.034697
-3.725385 -2.866255 3.046720
-0.397070 -25.569370 24.643043
20.142154 -25.396335 2.572778
9.214875 -10.711483 4.121998
3.098134 -13.230253 22.458297
-24.649816 -1.781198 -30.774916
-1.348086 -14.388947 12.862068
21.870047 8.616721 4.102032
-10.913851 -2.783041 -25.003070
-2.707740 3.317878 -14.655167
24.211081 19.163180 18.236356
16.791060 -19.564860 40.247411
-18.479311 21.231223 -2.448614
15.483360 22.496730 3.542098
-19.581039 23.706993 -36.456104
-13.005341 -14.232892 31.216225
5.661885 -20.661324 -23.340373
-12.640102 -2.879553 -36.121997
-23.104919 16.833008 2.417492
-5.027593 5.783575 -4.908252
-3.935647 -20.933821 24.986632
0.414696 -7.145892 8.150798
-19.435164 -10.203943 -24.504991
23.967049 10.216403 -21.461391
-21.757953 -19.488598 -24.429590
18.222729 18.922859 -33.879172
19.203028 7.129548 39.341111
5.093459 -4.871272 -28.286522
13.241166 -14.010784 -34.511307
-1.953686 -17.254035 -30.767881
3.565553 3.778412 -10.638891
13.575426 -3.408436 41.618502
17.520959 0.070304 21.925648
17.621445 -22.550975 -25.256958
7.330327 23.419076 22.407920
-3.150701 8.200912 5.901761
-22.076015 -6.135652 18.884468
14.102400 3.237997 -6.493519
-7.668815 10.152310 -31.878074
24.988980 14.498349 40.022607
20.331926 -18.835426 9.655284
-11.952863 -3.168235 17.104703
-0.078040 19.291419 17.041367
14.418787 -25.215404 -37.950907
-18.187645 -5.427058 28.447839
-15.506273 12.466042 -38.620224
14.331968 7.279747 19.212323
20.582233 21.765592 -34.404940
12.381141 -4.215952 30.656790
9.886788 12.567004 35.118727
-5.380959 22.567976 -12.437842
-13.544066 12.221982 2.972939
11.969837 5.896204 10.375794
8.068354 21.359167 31.498949
24.707702 -21.186274 -16.726974
5.745840 23.894375 -9.500163
11.344010 4.508783 -36.672410
7.080212 -0.456000 -9.256779
13.004968 2.966530 -2.860412
4.842820 -15.817158 38.991346
24.031194 -15.181125 -37.047623
13.115130 -8.225530 34.905050
-23.530484 21.023396 -38.618618
-5.642653 -14.559023 21.457322
9.457858 10.579954 -15.548871
-16.175560 24.068908 19.533140
18.756175 -13.763517 -20.030513
-5.814300 -11.113710 -37.663045
18.141618 6.178691 17.557194
5.157746 -20.712001 -2.945316
-0.968206 14.657677 34.938255
15.812808 -2.925528 -42.945271
-13.059804 17.100040 5.938259
-6.507872 -23.322734 -32.988303
1.478077 -9.324823 14.306294
15.811715 -19.172870 22.762361
20.105160 -6.378555 43.490469
7.682262 -14.760030 29.807089
-6.736873 -10.370315 34.649130
11.580058 24.989589 14.303754
-12.918114 11.661002 37.148909
-0.531494 -2.782183 29.442783
-19.576319 -19.426378 32.176035
-16.734470 -6.639788 11.407718
18.554154 13.840263 21.102865
5.782657 14.216327 -21.593793
0.199791 5.287636 24.252095
-15.879293 19.013962 7.062233
23.435517 -4.467641 36.312210
-16.011568 20.309073 -14.144768
8.241721 6.860990 -28.596116
15.821954 10.693418 19.055558
-2.730494 -14.573573 28.249565
-10.163842 5.190169 2.298092
5.827896 6.213143 38.858717
7.880527 13.645937 -29.528155
-9.928634 -13.520086 -22.047399
-3.508106 20.260526 32.835644
2.126460 -9.832058 32.808079
-11.467224 6.784409 6.323807
13.430182 -5.946006 -43.204697
-20.423035 15.603171 26.763912
-19.372537 19.940491 27.921876
22.229266 12.753024 -10.718704
14.630638 7.028017 32.617647
-17.455244 8.283517 33.949420
10.329143 -22.591367 24.146858
0.813553 3.004893 -7.844837
-15.334828 24.882736 32.465195
-4.566618 14.881638 3.432914
-24.239047 10.009061 39.471534
-15.934981 14.080454 6.386684
5.718645 12.273488 22.718911
16.886590 -15.854210 -32.916332
25.758640 7.674164 34.290775
6.886049 -9.581190 -20.227737
-23.476353 16.914448 25.923783
25.033124 19.433581 -6.827707
-3.180409 -8.058711 -37.492006
3.131405 4.983243 21.757954
-18.973019 23.145860 -40.650883
-6.755327 -14.949575 -2.048312
3.345377 20.481319 19.509351
19.834648 -0.599887 -3.073306
4.425162 1.134833 -7.903066
14.687304 -14.622140 44.497814
12.627734 -16.687374 17.502083
12.956452 -18.957878 -41.186557
-0.428598 17.431769 -2.880253
-2.660943 -26.326425 -16.636464
9.726688 -12.580909 32.077404
15.888401 18.217996 -11.280729
15.234285 11.527108 -24.407142
-9.328282 26.643864 15.713872
6.658824 -8.728447 -7.939935
3.248811 8.409021 10.981033
24.038118 -2.652285 -15.139823
20.115580 -6.060715 -19.588516
-15.340673 13.374963 35.052480
13.578332 8.333650 43.965413
20.769094 -10.952056 44.291670
-13.477092 24.825180 -14.594023
-24.075617 19.615704 13.846243
-9.208052 -7.106118 -6.819840
15.109879 19.955705 8.264193
-14.740819 -6.323422 -6.614114
-6.002811 3.723168 43.647304
1.816778 -21.230615 -34.248023
16.038677 2.165756 17.551507
18.920214 -5.791561 -5.522381
-25.854468 -6.674238 39.200424
-4.018033 -22.525735 11.388833
-14.736080 -11.691935 -0.144044
-15.596425 -10.687568 -10.665103
14.072358 -26.279726 32.777577
-5.135645 -22.052525 32.225182
18.901896 -12.856854 38.538603
6.142872 22.927447 -34.397864
7.081348 -10.622225 7.935084
19.923592 -24.566037 -18.694250
21.847898 17.396974 -23.535346
-1.272685 -13.939787 8.663471
22.246402 -0.650543 -33.233019
17.871758 1.563787 -7.374653
-7.238313 -4.963201 38.558807
14.136320 -19.619199 33.549776
-4.660433 -9.772710 -12.622517
0.888344 -14.412338 -25.301578
19.645847 -1.340092 17.760105
-19.164099 12.052634 -33.266313
2.683746 -13.147536 -9.066463
13.243221 -0.440067 -26.892126
24.009629 -26.433634 -27.677058
26.195467 -19.334588 33.768207
13.318392 -4.599602 26.946337
-9.467844 1.971453 -4.941217
-19.685651 -9.571456 32.680492
-16.920018 20.699524 16.600270
-15.343672 -16.076065 0.706109
23.209783 -22.156245 33.346132
25.313547 17.710817 -10.857000
-4.427373 13.241952 27.290742
20.625396 -15.409513 27.597841
9.229879 -23.249744 -25.969801
16.340704 9.319105 14.677812
-12.073903 12.560771 9.435929
-23.284240 16.260847 35.138893
16.089511 10.248386 -10.053187
-2.108041 -4.999467 18.244315
-8.824277 -1.062995 22.465455
9.496813 11.688712 26.586222
-18.961120 15.137324 -24.634883
16.183907 6.738855 10.425842
15.568231 -24.336591 -9.014682
23.942484 -24.771842 -18.855649
-20.331758 2.386904 -12.757223
-11.618777 -24.862920 -43.448389
-26.771209 0.333461 -10.493510
-9.469333 11.105913 40.188174
-25.661128 -17.883116 -28.268229
17.924418 12.890345 -2.410983
-2.712872 -3.020287 13.641350
18.335842 15.335905 -39.034619
-15.314896 -24.168051 20.453964
2.969198 -9.255619 -8.387125
-4.905288 18.239656 -40.173098
20.236958 -22.879272 6.445405
-19.484777 23.161026 6.012673
23.629428 -9.095778 -14.630520
2.519323 -19.097116 -9.166041
21.868718 5.000410 33.338569
-21.358355 -0.288733 -10.722897
9.818158 8.254559 5.647919
-19.877285 5.820662 36.922728
-26.380152 5.030494 30.126287
3.865231 13.371307 39.197137
5.950230 14.867648 12.926942
17.176087 3.205181 0.736353
-4.164163 13.126063 -21.617877
22.332421 -10.285522 8.584090
-12.089882 24.875274 2.678409
-5.521636 -7.310910 -25.800529
16.205769 -16.307087 -12.719283
-25.514919 -21.185076 9.833395
-16.703153 -12.744744 32.507056
-0.005893 -22.074281 28.708693
1.209129 3.175275 -20.483931
-16.243973 -23.630724 2.048247
6.417558 -5.524481 38.050666
8.749007 25.014045 0.216668
0.258439 -24.723752 -42.441863
11.647801 -4.051164 22.595164
-3.591367 -5.652457 -20.181739
-6.373142 4.594200 24.477761
-5.274763 -16.176450 -20.543303
21.108652 -24.661268 16.691591
-11.179207 9.232784 -30.488814
-22.521514 -14.724971 -6.037181
4.876314 21.157018 2.649540
-17.524983 -1.197998 33.261308
-8.875823 -18.960194 -12.112827
14.106639 19.775656 -30.246766
-15.709579 -19.802747 -3.882984
-7.068341 -16.823294 -27.713588
-0.321919 15.451988 7.213858
-2.223941 11.406574 3.811812
-20.240486 -13.624915 6.119837
6.374507 22.575711 12.481536
-7.796928 -10.150901 -5.201977
9.076772 5.396863 32.497137
-3.255458 -11.524215 -2.211679
-26.332979 16.751269 -36.497147
-10.194843 -11.476856 -2.788899
19.106652 -16.356245 -40.675563
8.395642 22.430988 -19.312652
-4.958545 21.584968 22.808104
-11.066460 12.701918 5.907774
13.913027 -11.344546 -44.542551
12.469536 8.153104 -10.881065
-7.949755 -2.319375 18.816808
17.422110 -7.166239 27.036224
1.292477 -3.952323 -12.390629
-0.583868 -15.773870 -9.603184
21.808184 -14.820888 -22.342581
-17.871609 -8.517264 39.768194
-3.980011 -8.793199 32.707333
